#match	ID1	PosNeg	PosNegbest	PosNegPosses1	PosNegbestPosses1	PosNegPosses2	PosNegbestPosses2	timetogether	1HPosNeg	1HPosNegbest	1HPosNegPosses1	1HPosNegbestPosses1	1HPosNegPosses2	1HPosNegbestPosses2	1Htimetogether	2HPosNeg	2HPosNegbest	2HPosNegPosses1	2HPosNegbestPosses1	2HPosNegPosses2	2HPosNegbestPosses2	2Htimetogether
sample	t1_p0	1141	1936	1141	1936	0	0	24895.8	1141	1936	1141	1936	0	0	24895.8	0	0	0	0	0	0	0	
sample	t1_p1	-2533	212	-2533	212	0	0	24895.8	-2533	212	-2533	212	0	0	24895.8	0	0	0	0	0	0	0	
sample	t1_p2	-425	93	-425	93	0	0	24895.8	-425	93	-425	93	0	0	24895.8	0	0	0	0	0	0	0	
sample	t1_p3	977	465	977	465	0	0	24895.8	977	465	977	465	0	0	24895.8	0	0	0	0	0	0	0	
sample	t1_p4	-2750	-967	-2750	-967	0	0	24895.8	-2750	-967	-2750	-967	0	0	24895.8	0	0	0	0	0	0	0	
sample	t1_p5	-271	-579	-271	-579	0	0	24895.8	-271	-579	-271	-579	0	0	24895.8	0	0	0	0	0	0	0	
sample	t1_p6	2308	192	2308	192	0	0	24895.8	2308	192	2308	192	0	0	24895.8	0	0	0	0	0	0	0	
sample	t1_p7	1202	-394	1202	-394	0	0	24895.8	1202	-394	1202	-394	0	0	24895.8	0	0	0	0	0	0	0	
sample	t1_p8	973	-37	973	-37	0	0	24895.8	973	-37	973	-37	0	0	24895.8	0	0	0	0	0	0	0	
sample	t1_p9	-622	-921	-622	-921	0	0	24895.8	-622	-921	-622	-921	0	0	24895.8	0	0	0	0	0	0	0	
sample	t2_p0	352	144	352	144	0	0	24895.8	352	144	352	144	0	0	24895.8	0	0	0	0	0	0	0	
sample	t2_p1	-77	681	-77	681	0	0	24895.8	-77	681	-77	681	0	0	24895.8	0	0	0	0	0	0	0	
sample	t2_p2	968	165	968	165	0	0	24895.8	968	165	968	165	0	0	24895.8	0	0	0	0	0	0	0	
sample	t2_p3	-1108	-93	-1108	-93	0	0	24895.8	-1108	-93	-1108	-93	0	0	24895.8	0	0	0	0	0	0	0	
sample	t2_p4	-247	-305	-247	-305	0	0	24895.8	-247	-305	-247	-305	0	0	24895.8	0	0	0	0	0	0	0	
sample	t2_p5	683	146	683	146	0	0	24895.8	683	146	683	146	0	0	24895.8	0	0	0	0	0	0	0	
sample	t2_p6	-405	-794	-405	-794	0	0	24895.8	-405	-794	-405	-794	0	0	24895.8	0	0	0	0	0	0	0	
sample	t2_p7	163	362	163	362	0	0	24895.8	163	362	163	362	0	0	24895.8	0	0	0	0	0	0	0	
sample	t2_p8	207	-158	207	-158	0	0	24895.8	207	-158	207	-158	0	0	24895.8	0	0	0	0	0	0	0	
sample	t2_p9	-536	-148	-536	-148	0	0	24895.8	-536	-148	-536	-148	0	0	24895.8	0	0	0	0	0	0	0	
