#match	ID1	HCS	HCSbest	HCSPosses1	HCSbestPosses1	HCSPosses2	HCSbestPosses2	timetogether	1HHCS	1HHCSbest	1HHCSPosses1	1HHCSbestPosses1	1HHCSPosses2	1HHCSbestPosses2	1Htimetogether	2HHCS	2HHCSbest	2HHCSPosses1	2HHCSbestPosses1	2HHCSPosses2	2HHCSbestPosses2	2Htimetogether
sample	t1_p0	9159	7378	9159	7378	0	0	24895.8	9159	7378	9159	7378	0	0	24895.8	0	0	0	0	0	0	0	
sample	t1_p1	12893	7826	12893	7826	0	0	24895.8	12893	7826	12893	7826	0	0	24895.8	0	0	0	0	0	0	0	
sample	t1_p2	11863	7417	11863	7417	0	0	24895.8	11863	7417	11863	7417	0	0	24895.8	0	0	0	0	0	0	0	
sample	t1_p3	10257	6385	10257	6385	0	0	24895.8	10257	6385	10257	6385	0	0	24895.8	0	0	0	0	0	0	0	
sample	t1_p4	11804	6237	11804	6237	0	0	24895.8	11804	6237	11804	6237	0	0	24895.8	0	0	0	0	0	0	0	
sample	t1_p5	13811	7451	13811	7451	0	0	24895.8	13811	7451	13811	7451	0	0	24895.8	0	0	0	0	0	0	0	
sample	t1_p6	13622	6982	13622	6982	0	0	24895.8	13622	6982	13622	6982	0	0	24895.8	0	0	0	0	0	0	0	
sample	t1_p7	9174	5022	9174	5022	0	0	24895.8	9174	5022	9174	5022	0	0	24895.8	0	0	0	0	0	0	0	
sample	t1_p8	6277	3807	6277	3807	0	0	24895.8	6277	3807	6277	3807	0	0	24895.8	0	0	0	0	0	0	0	
sample	t1_p9	6672	3117	6672	3117	0	0	24895.8	6672	3117	6672	3117	0	0	24895.8	0	0	0	0	0	0	0	
sample	t2_p0	8406	4502	8406	4502	0	0	24895.8	8406	4502	8406	4502	0	0	24895.8	0	0	0	0	0	0	0	
sample	t2_p1	10035	5321	10035	5321	0	0	24895.8	10035	5321	10035	5321	0	0	24895.8	0	0	0	0	0	0	0	
sample	t2_p2	9712	4793	9712	4793	0	0	24895.8	9712	4793	9712	4793	0	0	24895.8	0	0	0	0	0	0	0	
sample	t2_p3	7864	3467	7864	3467	0	0	24895.8	7864	3467	7864	3467	0	0	24895.8	0	0	0	0	0	0	0	
sample	t2_p4	6843	3293	6843	3293	0	0	24895.8	6843	3293	6843	3293	0	0	24895.8	0	0	0	0	0	0	0	
sample	t2_p5	8709	3818	8709	3818	0	0	24895.8	8709	3818	8709	3818	0	0	24895.8	0	0	0	0	0	0	0	
sample	t2_p6	10985	5120	10985	5120	0	0	24895.8	10985	5120	10985	5120	0	0	24895.8	0	0	0	0	0	0	0	
sample	t2_p7	11969	5860	11969	5860	0	0	24895.8	11969	5860	11969	5860	0	0	24895.8	0	0	0	0	0	0	0	
sample	t2_p8	2797	1598	2797	1598	0	0	24895.8	2797	1598	2797	1598	0	0	24895.8	0	0	0	0	0	0	0	
sample	t2_p9	6550	2478	6550	2478	0	0	24895.8	6550	2478	6550	2478	0	0	24895.8	0	0	0	0	0	0	0	
