#match	ID1	PosNeg	PosNegbest	PosNegPosses1	PosNegbestPosses1	PosNegPosses2	PosNegbestPosses2	timetogether	1HPosNeg	1HPosNegbest	1HPosNegPosses1	1HPosNegbestPosses1	1HPosNegPosses2	1HPosNegbestPosses2	1Htimetogether	2HPosNeg	2HPosNegbest	2HPosNegPosses1	2HPosNegbestPosses1	2HPosNegPosses2	2HPosNegbestPosses2	2Htimetogether
sample	t1_p0	70	896	70	896	0	0	27662	70	896	70	896	0	0	27662	0	0	0	0	0	0	0	
sample	t1_p1	-1266	1638	-1266	1638	0	0	27662	-1266	1638	-1266	1638	0	0	27662	0	0	0	0	0	0	0	
sample	t1_p2	-911	915	-911	915	0	0	27662	-911	915	-911	915	0	0	27662	0	0	0	0	0	0	0	
sample	t1_p3	754	1582	754	1582	0	0	27662	754	1582	754	1582	0	0	27662	0	0	0	0	0	0	0	
sample	t1_p4	-1206	1305	-1206	1305	0	0	27662	-1206	1305	-1206	1305	0	0	27662	0	0	0	0	0	0	0	
sample	t1_p5	884	1304	884	1304	0	0	27662	884	1304	884	1304	0	0	27662	0	0	0	0	0	0	0	
sample	t1_p6	912	433	912	433	0	0	27662	912	433	912	433	0	0	27662	0	0	0	0	0	0	0	
sample	t1_p7	466	657	466	657	0	0	27662	466	657	466	657	0	0	27662	0	0	0	0	0	0	0	
sample	t1_p8	37	476	37	476	0	0	27662	37	476	37	476	0	0	27662	0	0	0	0	0	0	0	
sample	t1_p9	-569	-140	-569	-140	0	0	27662	-569	-140	-569	-140	0	0	27662	0	0	0	0	0	0	0	
sample	t2_p0	16	-461	16	-461	0	0	27662	16	-461	16	-461	0	0	27662	0	0	0	0	0	0	0	
sample	t2_p1	-365	-668	-365	-668	0	0	27662	-365	-668	-365	-668	0	0	27662	0	0	0	0	0	0	0	
sample	t2_p2	995	-513	995	-513	0	0	27662	995	-513	995	-513	0	0	27662	0	0	0	0	0	0	0	
sample	t2_p3	-1016	-1112	-1016	-1112	0	0	27662	-1016	-1112	-1016	-1112	0	0	27662	0	0	0	0	0	0	0	
sample	t2_p4	-421	-1282	-421	-1282	0	0	27662	-421	-1282	-421	-1282	0	0	27662	0	0	0	0	0	0	0	
sample	t2_p5	933	-719	933	-719	0	0	27662	933	-719	933	-719	0	0	27662	0	0	0	0	0	0	0	
sample	t2_p6	72	-1137	72	-1137	0	0	27662	72	-1137	72	-1137	0	0	27662	0	0	0	0	0	0	0	
sample	t2_p7	312	-1349	312	-1349	0	0	27662	312	-1349	312	-1349	0	0	27662	0	0	0	0	0	0	0	
sample	t2_p8	1173	-8	1173	-8	0	0	27662	1173	-8	1173	-8	0	0	27662	0	0	0	0	0	0	0	
sample	t2_p9	-870	-1817	-870	-1817	0	0	27662	-870	-1817	-870	-1817	0	0	27662	0	0	0	0	0	0	0	
