#match	ID1	HCS	HCSbest	HCSPosses1	HCSbestPosses1	HCSPosses2	HCSbestPosses2	timetogether	1HHCS	1HHCSbest	1HHCSPosses1	1HHCSbestPosses1	1HHCSPosses2	1HHCSbestPosses2	1Htimetogether	2HHCS	2HHCSbest	2HHCSPosses1	2HHCSbestPosses1	2HHCSPosses2	2HHCSbestPosses2	2Htimetogether
sample	t1_p0	5232	3596	5232	3596	0	0	27662	5232	3596	5232	3596	0	0	27662	0	0	0	0	0	0	0	
sample	t1_p1	7774	3620	7774	3620	0	0	27662	7774	3620	7774	3620	0	0	27662	0	0	0	0	0	0	0	
sample	t1_p2	7991	4173	7991	4173	0	0	27662	7991	4173	7991	4173	0	0	27662	0	0	0	0	0	0	0	
sample	t1_p3	9336	5630	9336	5630	0	0	27662	9336	5630	9336	5630	0	0	27662	0	0	0	0	0	0	0	
sample	t1_p4	11818	5479	11818	5479	0	0	27662	11818	5479	11818	5479	0	0	27662	0	0	0	0	0	0	0	
sample	t1_p5	11296	5574	11296	5574	0	0	27662	11296	5574	11296	5574	0	0	27662	0	0	0	0	0	0	0	
sample	t1_p6	9836	4681	9836	4681	0	0	27662	9836	4681	9836	4681	0	0	27662	0	0	0	0	0	0	0	
sample	t1_p7	10202	5595	10202	5595	0	0	27662	10202	5595	10202	5595	0	0	27662	0	0	0	0	0	0	0	
sample	t1_p8	8931	5618	8931	5618	0	0	27662	8931	5618	8931	5618	0	0	27662	0	0	0	0	0	0	0	
sample	t1_p9	10859	5834	10859	5834	0	0	27662	10859	5834	10859	5834	0	0	27662	0	0	0	0	0	0	0	
sample	t2_p0	6168	3713	6168	3713	0	0	27662	6168	3713	6168	3713	0	0	27662	0	0	0	0	0	0	0	
sample	t2_p1	7879	4366	7879	4366	0	0	27662	7879	4366	7879	4366	0	0	27662	0	0	0	0	0	0	0	
sample	t2_p2	9073	4769	9073	4769	0	0	27662	9073	4769	9073	4769	0	0	27662	0	0	0	0	0	0	0	
sample	t2_p3	8668	4728	8668	4728	0	0	27662	8668	4728	8668	4728	0	0	27662	0	0	0	0	0	0	0	
sample	t2_p4	9043	5200	9043	5200	0	0	27662	9043	5200	9043	5200	0	0	27662	0	0	0	0	0	0	0	
sample	t2_p5	10645	5285	10645	5285	0	0	27662	10645	5285	10645	5285	0	0	27662	0	0	0	0	0	0	0	
sample	t2_p6	11136	5747	11136	5747	0	0	27662	11136	5747	11136	5747	0	0	27662	0	0	0	0	0	0	0	
sample	t2_p7	13404	7011	13404	7011	0	0	27662	13404	7011	13404	7011	0	0	27662	0	0	0	0	0	0	0	
sample	t2_p8	5607	3420	5607	3420	0	0	27662	5607	3420	5607	3420	0	0	27662	0	0	0	0	0	0	0	
sample	t2_p9	11652	5561	11652	5561	0	0	27662	11652	5561	11652	5561	0	0	27662	0	0	0	0	0	0	0	
