#match	ID1	HCS	HCSbest	HCSPosses1	HCSbestPosses1	HCSPosses2	HCSbestPosses2	timetogether	1HHCS	1HHCSbest	1HHCSPosses1	1HHCSbestPosses1	1HHCSPosses2	1HHCSbestPosses2	1Htimetogether	2HHCS	2HHCSbest	2HHCSPosses1	2HHCSbestPosses1	2HHCSPosses2	2HHCSbestPosses2	2Htimetogether
sample	t1_p0	14391	10974	14391	10974	0	0	52557.8	14391	10974	14391	10974	0	0	52557.8	0	0	0	0	0	0	0	
sample	t1_p1	20667	11446	20667	11446	0	0	52557.8	20667	11446	20667	11446	0	0	52557.8	0	0	0	0	0	0	0	
sample	t1_p2	19854	11590	19854	11590	0	0	52557.8	19854	11590	19854	11590	0	0	52557.8	0	0	0	0	0	0	0	
sample	t1_p3	19593	12015	19593	12015	0	0	52557.8	19593	12015	19593	12015	0	0	52557.8	0	0	0	0	0	0	0	
sample	t1_p4	23622	11716	23622	11716	0	0	52557.8	23622	11716	23622	11716	0	0	52557.8	0	0	0	0	0	0	0	
sample	t1_p5	25107	13025	25107	13025	0	0	52557.8	25107	13025	25107	13025	0	0	52557.8	0	0	0	0	0	0	0	
sample	t1_p6	23458	11663	23458	11663	0	0	52557.8	23458	11663	23458	11663	0	0	52557.8	0	0	0	0	0	0	0	
sample	t1_p7	19376	10617	19376	10617	0	0	52557.8	19376	10617	19376	10617	0	0	52557.8	0	0	0	0	0	0	0	
sample	t1_p8	15208	9425	15208	9425	0	0	52557.8	15208	9425	15208	9425	0	0	52557.8	0	0	0	0	0	0	0	
sample	t1_p9	17531	8951	17531	8951	0	0	52557.8	17531	8951	17531	8951	0	0	52557.8	0	0	0	0	0	0	0	
sample	t2_p0	14574	8215	14574	8215	0	0	52557.8	14574	8215	14574	8215	0	0	52557.8	0	0	0	0	0	0	0	
sample	t2_p1	17914	9687	17914	9687	0	0	52557.8	17914	9687	17914	9687	0	0	52557.8	0	0	0	0	0	0	0	
sample	t2_p2	18785	9562	18785	9562	0	0	52557.8	18785	9562	18785	9562	0	0	52557.8	0	0	0	0	0	0	0	
sample	t2_p3	16532	8195	16532	8195	0	0	52557.8	16532	8195	16532	8195	0	0	52557.8	0	0	0	0	0	0	0	
sample	t2_p4	15886	8493	15886	8493	0	0	52557.8	15886	8493	15886	8493	0	0	52557.8	0	0	0	0	0	0	0	
sample	t2_p5	19354	9103	19354	9103	0	0	52557.8	19354	9103	19354	9103	0	0	52557.8	0	0	0	0	0	0	0	
sample	t2_p6	22121	10867	22121	10867	0	0	52557.8	22121	10867	22121	10867	0	0	52557.8	0	0	0	0	0	0	0	
sample	t2_p7	25373	12871	25373	12871	0	0	52557.8	25373	12871	25373	12871	0	0	52557.8	0	0	0	0	0	0	0	
sample	t2_p8	8404	5018	8404	5018	0	0	52557.8	8404	5018	8404	5018	0	0	52557.8	0	0	0	0	0	0	0	
sample	t2_p9	18202	8039	18202	8039	0	0	52557.8	18202	8039	18202	8039	0	0	52557.8	0	0	0	0	0	0	0	
