#match	ID1	PosNeg	PosNegbest	PosNegPosses1	PosNegbestPosses1	PosNegPosses2	PosNegbestPosses2	timetogether	1HPosNeg	1HPosNegbest	1HPosNegPosses1	1HPosNegbestPosses1	1HPosNegPosses2	1HPosNegbestPosses2	1Htimetogether	2HPosNeg	2HPosNegbest	2HPosNegPosses1	2HPosNegbestPosses1	2HPosNegPosses2	2HPosNegbestPosses2	2Htimetogether
sample	t1_p0	1211	2832	1211	2832	0	0	52557.8	1211	2832	1211	2832	0	0	52557.8	0	0	0	0	0	0	0	
sample	t1_p1	-3799	1850	-3799	1850	0	0	52557.8	-3799	1850	-3799	1850	0	0	52557.8	0	0	0	0	0	0	0	
sample	t1_p2	-1336	1008	-1336	1008	0	0	52557.8	-1336	1008	-1336	1008	0	0	52557.8	0	0	0	0	0	0	0	
sample	t1_p3	1731	2047	1731	2047	0	0	52557.8	1731	2047	1731	2047	0	0	52557.8	0	0	0	0	0	0	0	
sample	t1_p4	-3956	338	-3956	338	0	0	52557.8	-3956	338	-3956	338	0	0	52557.8	0	0	0	0	0	0	0	
sample	t1_p5	613	725	613	725	0	0	52557.8	613	725	613	725	0	0	52557.8	0	0	0	0	0	0	0	
sample	t1_p6	3220	625	3220	625	0	0	52557.8	3220	625	3220	625	0	0	52557.8	0	0	0	0	0	0	0	
sample	t1_p7	1668	263	1668	263	0	0	52557.8	1668	263	1668	263	0	0	52557.8	0	0	0	0	0	0	0	
sample	t1_p8	1010	439	1010	439	0	0	52557.8	1010	439	1010	439	0	0	52557.8	0	0	0	0	0	0	0	
sample	t1_p9	-1191	-1061	-1191	-1061	0	0	52557.8	-1191	-1061	-1191	-1061	0	0	52557.8	0	0	0	0	0	0	0	
sample	t2_p0	368	-317	368	-317	0	0	52557.8	368	-317	368	-317	0	0	52557.8	0	0	0	0	0	0	0	
sample	t2_p1	-442	13	-442	13	0	0	52557.8	-442	13	-442	13	0	0	52557.8	0	0	0	0	0	0	0	
sample	t2_p2	1963	-348	1963	-348	0	0	52557.8	1963	-348	1963	-348	0	0	52557.8	0	0	0	0	0	0	0	
sample	t2_p3	-2124	-1205	-2124	-1205	0	0	52557.8	-2124	-1205	-2124	-1205	0	0	52557.8	0	0	0	0	0	0	0	
sample	t2_p4	-668	-1587	-668	-1587	0	0	52557.8	-668	-1587	-668	-1587	0	0	52557.8	0	0	0	0	0	0	0	
sample	t2_p5	1616	-573	1616	-573	0	0	52557.8	1616	-573	1616	-573	0	0	52557.8	0	0	0	0	0	0	0	
sample	t2_p6	-333	-1931	-333	-1931	0	0	52557.8	-333	-1931	-333	-1931	0	0	52557.8	0	0	0	0	0	0	0	
sample	t2_p7	475	-987	475	-987	0	0	52557.8	475	-987	475	-987	0	0	52557.8	0	0	0	0	0	0	0	
sample	t2_p8	1380	-166	1380	-166	0	0	52557.8	1380	-166	1380	-166	0	0	52557.8	0	0	0	0	0	0	0	
sample	t2_p9	-1406	-1965	-1406	-1965	0	0	52557.8	-1406	-1965	-1406	-1965	0	0	52557.8	0	0	0	0	0	0	0	
