#INdatadir	ID1	ID2	postau	postauBest	postauPosses1	postauBestPosses2	postauPosses2	postauBestPosses2	framesTogether	timeTogether(s)
sample_1	t1_p0	t1_p1	1249	1137	0	0	0	0	27662	2766.20
sample_1	t1_p0	t1_p2	486	419	0	0	0	0	27662	2766.20
sample_1	t1_p0	t1_p3	257	252	0	0	0	0	27662	2766.20
sample_1	t1_p0	t1_p4	1130	1005	0	0	0	0	27662	2766.20
sample_1	t1_p0	t1_p5	992	845	0	0	0	0	27662	2766.20
sample_1	t1_p0	t1_p6	293	266	0	0	0	0	27662	2766.20
sample_1	t1_p0	t1_p7	209	206	0	0	0	0	27662	2766.20
sample_1	t1_p0	t1_p8	372	365	0	0	0	0	27662	2766.20
sample_1	t1_p0	t1_p9	162	162	0	0	0	0	27662	2766.20
sample_1	t1_p0	t2_p0	0	0	0	0	0	0	27662	2766.20
sample_1	t1_p0	t2_p1	60	60	0	0	0	0	27662	2766.20
sample_1	t1_p0	t2_p2	181	151	0	0	0	0	27662	2766.20
sample_1	t1_p0	t2_p3	419	360	0	0	0	0	27662	2766.20
sample_1	t1_p0	t2_p4	29	27	0	0	0	0	27662	2766.20
sample_1	t1_p0	t2_p5	414	298	0	0	0	0	27662	2766.20
sample_1	t1_p0	t2_p6	190	159	0	0	0	0	27662	2766.20
sample_1	t1_p0	t2_p7	201	186	0	0	0	0	27662	2766.20
sample_1	t1_p0	t2_p8	447	397	0	0	0	0	27662	2766.20
sample_1	t1_p0	t2_p9	710	608	0	0	0	0	27662	2766.20
sample_1	t1_p1	t1_p0	789	659	0	0	0	0	27662	2766.20
sample_1	t1_p1	t1_p2	957	825	0	0	0	0	27662	2766.20
sample_1	t1_p1	t1_p3	368	303	0	0	0	0	27662	2766.20
sample_1	t1_p1	t1_p4	873	539	0	0	0	0	27662	2766.20
sample_1	t1_p1	t1_p5	850	632	0	0	0	0	27662	2766.20
sample_1	t1_p1	t1_p6	615	436	0	0	0	0	27662	2766.20
sample_1	t1_p1	t1_p7	348	297	0	0	0	0	27662	2766.20
sample_1	t1_p1	t1_p8	154	133	0	0	0	0	27662	2766.20
sample_1	t1_p1	t1_p9	226	195	0	0	0	0	27662	2766.20
sample_1	t1_p1	t2_p0	160	147	0	0	0	0	27662	2766.20
sample_1	t1_p1	t2_p1	191	140	0	0	0	0	27662	2766.20
sample_1	t1_p1	t2_p2	269	190	0	0	0	0	27662	2766.20
sample_1	t1_p1	t2_p3	185	144	0	0	0	0	27662	2766.20
sample_1	t1_p1	t2_p4	262	238	0	0	0	0	27662	2766.20
sample_1	t1_p1	t2_p5	405	304	0	0	0	0	27662	2766.20
sample_1	t1_p1	t2_p6	399	332	0	0	0	0	27662	2766.20
sample_1	t1_p1	t2_p7	261	215	0	0	0	0	27662	2766.20
sample_1	t1_p1	t2_p8	369	304	0	0	0	0	27662	2766.20
sample_1	t1_p1	t2_p9	753	615	0	0	0	0	27662	2766.20
sample_1	t1_p2	t1_p0	357	255	0	0	0	0	27662	2766.20
sample_1	t1_p2	t1_p1	1245	760	0	0	0	0	27662	2766.20
sample_1	t1_p2	t1_p3	994	810	0	0	0	0	27662	2766.20
sample_1	t1_p2	t1_p4	745	347	0	0	0	0	27662	2766.20
sample_1	t1_p2	t1_p5	686	400	0	0	0	0	27662	2766.20
sample_1	t1_p2	t1_p6	819	535	0	0	0	0	27662	2766.20
sample_1	t1_p2	t1_p7	416	343	0	0	0	0	27662	2766.20
sample_1	t1_p2	t1_p8	172	134	0	0	0	0	27662	2766.20
sample_1	t1_p2	t1_p9	285	171	0	0	0	0	27662	2766.20
sample_1	t1_p2	t2_p0	237	164	0	0	0	0	27662	2766.20
sample_1	t1_p2	t2_p1	256	196	0	0	0	0	27662	2766.20
sample_1	t1_p2	t2_p2	260	190	0	0	0	0	27662	2766.20
sample_1	t1_p2	t2_p3	283	249	0	0	0	0	27662	2766.20
sample_1	t1_p2	t2_p4	285	205	0	0	0	0	27662	2766.20
sample_1	t1_p2	t2_p5	321	232	0	0	0	0	27662	2766.20
sample_1	t1_p2	t2_p6	356	203	0	0	0	0	27662	2766.20
sample_1	t1_p2	t2_p7	489	350	0	0	0	0	27662	2766.20
sample_1	t1_p2	t2_p8	160	113	0	0	0	0	27662	2766.20
sample_1	t1_p2	t2_p9	893	642	0	0	0	0	27662	2766.20
sample_1	t1_p3	t1_p0	189	137	0	0	0	0	27662	2766.20
sample_1	t1_p3	t1_p1	886	449	0	0	0	0	27662	2766.20
sample_1	t1_p3	t1_p2	1245	916	0	0	0	0	27662	2766.20
sample_1	t1_p3	t1_p4	517	219	0	0	0	0	27662	2766.20
sample_1	t1_p3	t1_p5	549	320	0	0	0	0	27662	2766.20
sample_1	t1_p3	t1_p6	705	374	0	0	0	0	27662	2766.20
sample_1	t1_p3	t1_p7	858	619	0	0	0	0	27662	2766.20
sample_1	t1_p3	t1_p8	188	116	0	0	0	0	27662	2766.20
sample_1	t1_p3	t1_p9	480	275	0	0	0	0	27662	2766.20
sample_1	t1_p3	t2_p0	472	317	0	0	0	0	27662	2766.20
sample_1	t1_p3	t2_p1	409	319	0	0	0	0	27662	2766.20
sample_1	t1_p3	t2_p2	233	158	0	0	0	0	27662	2766.20
sample_1	t1_p3	t2_p3	234	108	0	0	0	0	27662	2766.20
sample_1	t1_p3	t2_p4	1163	1002	0	0	0	0	27662	2766.20
sample_1	t1_p3	t2_p5	249	141	0	0	0	0	27662	2766.20
sample_1	t1_p3	t2_p6	399	208	0	0	0	0	27662	2766.20
sample_1	t1_p3	t2_p7	1153	915	0	0	0	0	27662	2766.20
sample_1	t1_p3	t2_p8	69	66	0	0	0	0	27662	2766.20
sample_1	t1_p3	t2_p9	664	372	0	0	0	0	27662	2766.20
sample_1	t1_p4	t1_p0	676	466	0	0	0	0	27662	2766.20
sample_1	t1_p4	t1_p1	734	449	0	0	0	0	27662	2766.20
sample_1	t1_p4	t1_p2	433	249	0	0	0	0	27662	2766.20
sample_1	t1_p4	t1_p3	302	158	0	0	0	0	27662	2766.20
sample_1	t1_p4	t1_p5	793	366	0	0	0	0	27662	2766.20
sample_1	t1_p4	t1_p6	603	347	0	0	0	0	27662	2766.20
sample_1	t1_p4	t1_p7	293	165	0	0	0	0	27662	2766.20
sample_1	t1_p4	t1_p8	342	218	0	0	0	0	27662	2766.20
sample_1	t1_p4	t1_p9	351	217	0	0	0	0	27662	2766.20
sample_1	t1_p4	t2_p0	227	152	0	0	0	0	27662	2766.20
sample_1	t1_p4	t2_p1	356	235	0	0	0	0	27662	2766.20
sample_1	t1_p4	t2_p2	544	333	0	0	0	0	27662	2766.20
sample_1	t1_p4	t2_p3	815	609	0	0	0	0	27662	2766.20
sample_1	t1_p4	t2_p4	454	286	0	0	0	0	27662	2766.20
sample_1	t1_p4	t2_p5	690	456	0	0	0	0	27662	2766.20
sample_1	t1_p4	t2_p6	677	401	0	0	0	0	27662	2766.20
sample_1	t1_p4	t2_p7	581	349	0	0	0	0	27662	2766.20
sample_1	t1_p4	t2_p8	307	222	0	0	0	0	27662	2766.20
sample_1	t1_p4	t2_p9	655	349	0	0	0	0	27662	2766.20
sample_1	t1_p5	t1_p0	692	425	0	0	0	0	27662	2766.20
sample_1	t1_p5	t1_p1	1340	566	0	0	0	0	27662	2766.20
sample_1	t1_p5	t1_p2	1054	566	0	0	0	0	27662	2766.20
sample_1	t1_p5	t1_p3	373	191	0	0	0	0	27662	2766.20
sample_1	t1_p5	t1_p4	1188	516	0	0	0	0	27662	2766.20
sample_1	t1_p5	t1_p6	734	415	0	0	0	0	27662	2766.20
sample_1	t1_p5	t1_p7	445	257	0	0	0	0	27662	2766.20
sample_1	t1_p5	t1_p8	331	235	0	0	0	0	27662	2766.20
sample_1	t1_p5	t1_p9	613	265	0	0	0	0	27662	2766.20
sample_1	t1_p5	t2_p0	100	42	0	0	0	0	27662	2766.20
sample_1	t1_p5	t2_p1	488	235	0	0	0	0	27662	2766.20
sample_1	t1_p5	t2_p2	418	220	0	0	0	0	27662	2766.20
sample_1	t1_p5	t2_p3	789	359	0	0	0	0	27662	2766.20
sample_1	t1_p5	t2_p4	628	421	0	0	0	0	27662	2766.20
sample_1	t1_p5	t2_p5	849	529	0	0	0	0	27662	2766.20
sample_1	t1_p5	t2_p6	712	365	0	0	0	0	27662	2766.20
sample_1	t1_p5	t2_p7	872	513	0	0	0	0	27662	2766.20
sample_1	t1_p5	t2_p8	303	209	0	0	0	0	27662	2766.20
sample_1	t1_p5	t2_p9	931	546	0	0	0	0	27662	2766.20
sample_1	t1_p6	t1_p0	525	319	0	0	0	0	27662	2766.20
sample_1	t1_p6	t1_p1	1037	317	0	0	0	0	27662	2766.20
sample_1	t1_p6	t1_p2	1121	381	0	0	0	0	27662	2766.20
sample_1	t1_p6	t1_p3	1032	630	0	0	0	0	27662	2766.20
sample_1	t1_p6	t1_p4	916	292	0	0	0	0	27662	2766.20
sample_1	t1_p6	t1_p5	1381	706	0	0	0	0	27662	2766.20
sample_1	t1_p6	t1_p7	878	489	0	0	0	0	27662	2766.20
sample_1	t1_p6	t1_p8	453	235	0	0	0	0	27662	2766.20
sample_1	t1_p6	t1_p9	622	218	0	0	0	0	27662	2766.20
sample_1	t1_p6	t2_p0	324	126	0	0	0	0	27662	2766.20
sample_1	t1_p6	t2_p1	367	91	0	0	0	0	27662	2766.20
sample_1	t1_p6	t2_p2	238	98	0	0	0	0	27662	2766.20
sample_1	t1_p6	t2_p3	347	92	0	0	0	0	27662	2766.20
sample_1	t1_p6	t2_p4	706	387	0	0	0	0	27662	2766.20
sample_1	t1_p6	t2_p5	562	251	0	0	0	0	27662	2766.20
sample_1	t1_p6	t2_p6	900	574	0	0	0	0	27662	2766.20
sample_1	t1_p6	t2_p7	1064	573	0	0	0	0	27662	2766.20
sample_1	t1_p6	t2_p8	166	98	0	0	0	0	27662	2766.20
sample_1	t1_p6	t2_p9	700	267	0	0	0	0	27662	2766.20
sample_1	t1_p7	t1_p0	390	228	0	0	0	0	27662	2766.20
sample_1	t1_p7	t1_p1	461	46	0	0	0	0	27662	2766.20
sample_1	t1_p7	t1_p2	440	173	0	0	0	0	27662	2766.20
sample_1	t1_p7	t1_p3	879	464	0	0	0	0	27662	2766.20
sample_1	t1_p7	t1_p4	586	146	0	0	0	0	27662	2766.20
sample_1	t1_p7	t1_p5	696	248	0	0	0	0	27662	2766.20
sample_1	t1_p7	t1_p6	1043	637	0	0	0	0	27662	2766.20
sample_1	t1_p7	t1_p8	260	181	0	0	0	0	27662	2766.20
sample_1	t1_p7	t1_p9	433	191	0	0	0	0	27662	2766.20
sample_1	t1_p7	t2_p0	685	528	0	0	0	0	27662	2766.20
sample_1	t1_p7	t2_p1	512	304	0	0	0	0	27662	2766.20
sample_1	t1_p7	t2_p2	413	267	0	0	0	0	27662	2766.20
sample_1	t1_p7	t2_p3	312	165	0	0	0	0	27662	2766.20
sample_1	t1_p7	t2_p4	808	457	0	0	0	0	27662	2766.20
sample_1	t1_p7	t2_p5	502	314	0	0	0	0	27662	2766.20
sample_1	t1_p7	t2_p6	526	298	0	0	0	0	27662	2766.20
sample_1	t1_p7	t2_p7	1033	577	0	0	0	0	27662	2766.20
sample_1	t1_p7	t2_p8	147	110	0	0	0	0	27662	2766.20
sample_1	t1_p7	t2_p9	396	106	0	0	0	0	27662	2766.20
sample_1	t1_p8	t1_p0	314	216	0	0	0	0	27662	2766.20
sample_1	t1_p8	t1_p1	345	61	0	0	0	0	27662	2766.20
sample_1	t1_p8	t1_p2	218	67	0	0	0	0	27662	2766.20
sample_1	t1_p8	t1_p3	99	61	0	0	0	0	27662	2766.20
sample_1	t1_p8	t1_p4	849	441	0	0	0	0	27662	2766.20
sample_1	t1_p8	t1_p5	708	354	0	0	0	0	27662	2766.20
sample_1	t1_p8	t1_p6	474	264	0	0	0	0	27662	2766.20
sample_1	t1_p8	t1_p7	143	96	0	0	0	0	27662	2766.20
sample_1	t1_p8	t1_p9	475	325	0	0	0	0	27662	2766.20
sample_1	t1_p8	t2_p0	266	200	0	0	0	0	27662	2766.20
sample_1	t1_p8	t2_p1	471	313	0	0	0	0	27662	2766.20
sample_1	t1_p8	t2_p2	643	509	0	0	0	0	27662	2766.20
sample_1	t1_p8	t2_p3	969	644	0	0	0	0	27662	2766.20
sample_1	t1_p8	t2_p4	146	86	0	0	0	0	27662	2766.20
sample_1	t1_p8	t2_p5	499	337	0	0	0	0	27662	2766.20
sample_1	t1_p8	t2_p6	671	486	0	0	0	0	27662	2766.20
sample_1	t1_p8	t2_p7	369	217	0	0	0	0	27662	2766.20
sample_1	t1_p8	t2_p8	192	165	0	0	0	0	27662	2766.20
sample_1	t1_p8	t2_p9	258	90	0	0	0	0	27662	2766.20
sample_1	t1_p9	t1_p0	77	16	0	0	0	0	27662	2766.20
sample_1	t1_p9	t1_p1	416	22	0	0	0	0	27662	2766.20
sample_1	t1_p9	t1_p2	190	66	0	0	0	0	27662	2766.20
sample_1	t1_p9	t1_p3	336	91	0	0	0	0	27662	2766.20
sample_1	t1_p9	t1_p4	473	97	0	0	0	0	27662	2766.20
sample_1	t1_p9	t1_p5	386	144	0	0	0	0	27662	2766.20
sample_1	t1_p9	t1_p6	371	121	0	0	0	0	27662	2766.20
sample_1	t1_p9	t1_p7	396	236	0	0	0	0	27662	2766.20
sample_1	t1_p9	t1_p8	380	305	0	0	0	0	27662	2766.20
sample_1	t1_p9	t2_p0	605	411	0	0	0	0	27662	2766.20
sample_1	t1_p9	t2_p1	1012	624	0	0	0	0	27662	2766.20
sample_1	t1_p9	t2_p2	840	525	0	0	0	0	27662	2766.20
sample_1	t1_p9	t2_p3	489	190	0	0	0	0	27662	2766.20
sample_1	t1_p9	t2_p4	251	132	0	0	0	0	27662	2766.20
sample_1	t1_p9	t2_p5	365	140	0	0	0	0	27662	2766.20
sample_1	t1_p9	t2_p6	702	416	0	0	0	0	27662	2766.20
sample_1	t1_p9	t2_p7	523	285	0	0	0	0	27662	2766.20
sample_1	t1_p9	t2_p8	57	30	0	0	0	0	27662	2766.20
sample_1	t1_p9	t2_p9	301	94	0	0	0	0	27662	2766.20
sample_1	t2_p0	t1_p0	0	0	0	0	0	0	27662	2766.20
sample_1	t2_p0	t1_p1	233	45	0	0	0	0	27662	2766.20
sample_1	t2_p0	t1_p2	326	107	0	0	0	0	27662	2766.20
sample_1	t2_p0	t1_p3	285	213	0	0	0	0	27662	2766.20
sample_1	t2_p0	t1_p4	230	112	0	0	0	0	27662	2766.20
sample_1	t2_p0	t1_p5	332	97	0	0	0	0	27662	2766.20
sample_1	t2_p0	t1_p6	217	121	0	0	0	0	27662	2766.20
sample_1	t2_p0	t1_p7	477	316	0	0	0	0	27662	2766.20
sample_1	t2_p0	t1_p8	284	163	0	0	0	0	27662	2766.20
sample_1	t2_p0	t1_p9	708	452	0	0	0	0	27662	2766.20
sample_1	t2_p0	t2_p1	1171	701	0	0	0	0	27662	2766.20
sample_1	t2_p0	t2_p2	302	148	0	0	0	0	27662	2766.20
sample_1	t2_p0	t2_p3	304	112	0	0	0	0	27662	2766.20
sample_1	t2_p0	t2_p4	770	425	0	0	0	0	27662	2766.20
sample_1	t2_p0	t2_p5	204	75	0	0	0	0	27662	2766.20
sample_1	t2_p0	t2_p6	370	186	0	0	0	0	27662	2766.20
sample_1	t2_p0	t2_p7	935	549	0	0	0	0	27662	2766.20
sample_1	t2_p0	t2_p8	1	0	0	0	0	0	27662	2766.20
sample_1	t2_p0	t2_p9	322	127	0	0	0	0	27662	2766.20
sample_1	t2_p1	t1_p0	38	13	0	0	0	0	27662	2766.20
sample_1	t2_p1	t1_p1	313	37	0	0	0	0	27662	2766.20
sample_1	t2_p1	t1_p2	270	58	0	0	0	0	27662	2766.20
sample_1	t2_p1	t1_p3	349	133	0	0	0	0	27662	2766.20
sample_1	t2_p1	t1_p4	351	123	0	0	0	0	27662	2766.20
sample_1	t2_p1	t1_p5	204	59	0	0	0	0	27662	2766.20
sample_1	t2_p1	t1_p6	245	119	0	0	0	0	27662	2766.20
sample_1	t2_p1	t1_p7	408	250	0	0	0	0	27662	2766.20
sample_1	t2_p1	t1_p8	492	246	0	0	0	0	27662	2766.20
sample_1	t2_p1	t1_p9	1087	811	0	0	0	0	27662	2766.20
sample_1	t2_p1	t2_p0	1018	686	0	0	0	0	27662	2766.20
sample_1	t2_p1	t2_p2	1191	798	0	0	0	0	27662	2766.20
sample_1	t2_p1	t2_p3	245	142	0	0	0	0	27662	2766.20
sample_1	t2_p1	t2_p4	285	185	0	0	0	0	27662	2766.20
sample_1	t2_p1	t2_p5	304	109	0	0	0	0	27662	2766.20
sample_1	t2_p1	t2_p6	977	550	0	0	0	0	27662	2766.20
sample_1	t2_p1	t2_p7	741	419	0	0	0	0	27662	2766.20
sample_1	t2_p1	t2_p8	29	29	0	0	0	0	27662	2766.20
sample_1	t2_p1	t2_p9	189	83	0	0	0	0	27662	2766.20
sample_1	t2_p2	t1_p0	160	24	0	0	0	0	27662	2766.20
sample_1	t2_p2	t1_p1	375	51	0	0	0	0	27662	2766.20
sample_1	t2_p2	t1_p2	370	131	0	0	0	0	27662	2766.20
sample_1	t2_p2	t1_p3	274	82	0	0	0	0	27662	2766.20
sample_1	t2_p2	t1_p4	780	279	0	0	0	0	27662	2766.20
sample_1	t2_p2	t1_p5	489	142	0	0	0	0	27662	2766.20
sample_1	t2_p2	t1_p6	358	138	0	0	0	0	27662	2766.20
sample_1	t2_p2	t1_p7	325	121	0	0	0	0	27662	2766.20
sample_1	t2_p2	t1_p8	844	555	0	0	0	0	27662	2766.20
sample_1	t2_p2	t1_p9	1059	605	0	0	0	0	27662	2766.20
sample_1	t2_p2	t2_p0	368	156	0	0	0	0	27662	2766.20
sample_1	t2_p2	t2_p1	1124	580	0	0	0	0	27662	2766.20
sample_1	t2_p2	t2_p3	1049	542	0	0	0	0	27662	2766.20
sample_1	t2_p2	t2_p4	159	54	0	0	0	0	27662	2766.20
sample_1	t2_p2	t2_p5	457	203	0	0	0	0	27662	2766.20
sample_1	t2_p2	t2_p6	1032	593	0	0	0	0	27662	2766.20
sample_1	t2_p2	t2_p7	816	223	0	0	0	0	27662	2766.20
sample_1	t2_p2	t2_p8	34	33	0	0	0	0	27662	2766.20
sample_1	t2_p2	t2_p9	301	95	0	0	0	0	27662	2766.20
sample_1	t2_p3	t1_p0	396	233	0	0	0	0	27662	2766.20
sample_1	t2_p3	t1_p1	345	68	0	0	0	0	27662	2766.20
sample_1	t2_p3	t1_p2	178	48	0	0	0	0	27662	2766.20
sample_1	t2_p3	t1_p3	117	18	0	0	0	0	27662	2766.20
sample_1	t2_p3	t1_p4	1050	399	0	0	0	0	27662	2766.20
sample_1	t2_p3	t1_p5	445	208	0	0	0	0	27662	2766.20
sample_1	t2_p3	t1_p6	140	54	0	0	0	0	27662	2766.20
sample_1	t2_p3	t1_p7	224	106	0	0	0	0	27662	2766.20
sample_1	t2_p3	t1_p8	668	490	0	0	0	0	27662	2766.20
sample_1	t2_p3	t1_p9	263	184	0	0	0	0	27662	2766.20
sample_1	t2_p3	t2_p0	234	119	0	0	0	0	27662	2766.20
sample_1	t2_p3	t2_p1	329	127	0	0	0	0	27662	2766.20
sample_1	t2_p3	t2_p2	646	356	0	0	0	0	27662	2766.20
sample_1	t2_p3	t2_p4	120	32	0	0	0	0	27662	2766.20
sample_1	t2_p3	t2_p5	693	355	0	0	0	0	27662	2766.20
sample_1	t2_p3	t2_p6	632	341	0	0	0	0	27662	2766.20
sample_1	t2_p3	t2_p7	237	82	0	0	0	0	27662	2766.20
sample_1	t2_p3	t2_p8	293	201	0	0	0	0	27662	2766.20
sample_1	t2_p3	t2_p9	194	74	0	0	0	0	27662	2766.20
sample_1	t2_p4	t1_p0	20	1	0	0	0	0	27662	2766.20
sample_1	t2_p4	t1_p1	214	19	0	0	0	0	27662	2766.20
sample_1	t2_p4	t1_p2	407	151	0	0	0	0	27662	2766.20
sample_1	t2_p4	t1_p3	1024	740	0	0	0	0	27662	2766.20
sample_1	t2_p4	t1_p4	509	153	0	0	0	0	27662	2766.20
sample_1	t2_p4	t1_p5	474	245	0	0	0	0	27662	2766.20
sample_1	t2_p4	t1_p6	481	253	0	0	0	0	27662	2766.20
sample_1	t2_p4	t1_p7	782	312	0	0	0	0	27662	2766.20
sample_1	t2_p4	t1_p8	64	29	0	0	0	0	27662	2766.20
sample_1	t2_p4	t1_p9	336	56	0	0	0	0	27662	2766.20
sample_1	t2_p4	t2_p0	382	189	0	0	0	0	27662	2766.20
sample_1	t2_p4	t2_p1	412	150	0	0	0	0	27662	2766.20
sample_1	t2_p4	t2_p2	129	35	0	0	0	0	27662	2766.20
sample_1	t2_p4	t2_p3	160	49	0	0	0	0	27662	2766.20
sample_1	t2_p4	t2_p5	311	85	0	0	0	0	27662	2766.20
sample_1	t2_p4	t2_p6	360	100	0	0	0	0	27662	2766.20
sample_1	t2_p4	t2_p7	784	544	0	0	0	0	27662	2766.20
sample_1	t2_p4	t2_p8	162	98	0	0	0	0	27662	2766.20
sample_1	t2_p4	t2_p9	598	244	0	0	0	0	27662	2766.20
sample_1	t2_p5	t1_p0	257	188	0	0	0	0	27662	2766.20
sample_1	t2_p5	t1_p1	503	174	0	0	0	0	27662	2766.20
sample_1	t2_p5	t1_p2	519	155	0	0	0	0	27662	2766.20
sample_1	t2_p5	t1_p3	547	184	0	0	0	0	27662	2766.20
sample_1	t2_p5	t1_p4	915	277	0	0	0	0	27662	2766.20
sample_1	t2_p5	t1_p5	1030	354	0	0	0	0	27662	2766.20
sample_1	t2_p5	t1_p6	575	275	0	0	0	0	27662	2766.20
sample_1	t2_p5	t1_p7	442	228	0	0	0	0	27662	2766.20
sample_1	t2_p5	t1_p8	528	270	0	0	0	0	27662	2766.20
sample_1	t2_p5	t1_p9	473	178	0	0	0	0	27662	2766.20
sample_1	t2_p5	t2_p0	237	47	0	0	0	0	27662	2766.20
sample_1	t2_p5	t2_p1	193	34	0	0	0	0	27662	2766.20
sample_1	t2_p5	t2_p2	578	346	0	0	0	0	27662	2766.20
sample_1	t2_p5	t2_p3	861	373	0	0	0	0	27662	2766.20
sample_1	t2_p5	t2_p4	417	160	0	0	0	0	27662	2766.20
sample_1	t2_p5	t2_p6	784	375	0	0	0	0	27662	2766.20
sample_1	t2_p5	t2_p7	875	305	0	0	0	0	27662	2766.20
sample_1	t2_p5	t2_p8	257	179	0	0	0	0	27662	2766.20
sample_1	t2_p5	t2_p9	494	163	0	0	0	0	27662	2766.20
sample_1	t2_p6	t1_p0	256	56	0	0	0	0	27662	2766.20
sample_1	t2_p6	t1_p1	513	87	0	0	0	0	27662	2766.20
sample_1	t2_p6	t1_p2	496	131	0	0	0	0	27662	2766.20
sample_1	t2_p6	t1_p3	346	85	0	0	0	0	27662	2766.20
sample_1	t2_p6	t1_p4	566	201	0	0	0	0	27662	2766.20
sample_1	t2_p6	t1_p5	802	356	0	0	0	0	27662	2766.20
sample_1	t2_p6	t1_p6	612	329	0	0	0	0	27662	2766.20
sample_1	t2_p6	t1_p7	595	332	0	0	0	0	27662	2766.20
sample_1	t2_p6	t1_p8	787	431	0	0	0	0	27662	2766.20
sample_1	t2_p6	t1_p9	631	297	0	0	0	0	27662	2766.20
sample_1	t2_p6	t2_p0	464	168	0	0	0	0	27662	2766.20
sample_1	t2_p6	t2_p1	761	326	0	0	0	0	27662	2766.20
sample_1	t2_p6	t2_p2	707	325	0	0	0	0	27662	2766.20
sample_1	t2_p6	t2_p3	632	260	0	0	0	0	27662	2766.20
sample_1	t2_p6	t2_p4	357	152	0	0	0	0	27662	2766.20
sample_1	t2_p6	t2_p5	697	323	0	0	0	0	27662	2766.20
sample_1	t2_p6	t2_p7	995	366	0	0	0	0	27662	2766.20
sample_1	t2_p6	t2_p8	143	95	0	0	0	0	27662	2766.20
sample_1	t2_p6	t2_p9	534	148	0	0	0	0	27662	2766.20
sample_1	t2_p7	t1_p0	114	14	0	0	0	0	27662	2766.20
sample_1	t2_p7	t1_p1	734	134	0	0	0	0	27662	2766.20
sample_1	t2_p7	t1_p2	842	352	0	0	0	0	27662	2766.20
sample_1	t2_p7	t1_p3	767	341	0	0	0	0	27662	2766.20
sample_1	t2_p7	t1_p4	754	199	0	0	0	0	27662	2766.20
sample_1	t2_p7	t1_p5	609	334	0	0	0	0	27662	2766.20
sample_1	t2_p7	t1_p6	967	476	0	0	0	0	27662	2766.20
sample_1	t2_p7	t1_p7	1047	532	0	0	0	0	27662	2766.20
sample_1	t2_p7	t1_p8	347	217	0	0	0	0	27662	2766.20
sample_1	t2_p7	t1_p9	677	232	0	0	0	0	27662	2766.20
sample_1	t2_p7	t2_p0	1158	753	0	0	0	0	27662	2766.20
sample_1	t2_p7	t2_p1	756	308	0	0	0	0	27662	2766.20
sample_1	t2_p7	t2_p2	492	185	0	0	0	0	27662	2766.20
sample_1	t2_p7	t2_p3	501	110	0	0	0	0	27662	2766.20
sample_1	t2_p7	t2_p4	883	558	0	0	0	0	27662	2766.20
sample_1	t2_p7	t2_p5	643	302	0	0	0	0	27662	2766.20
sample_1	t2_p7	t2_p6	1009	602	0	0	0	0	27662	2766.20
sample_1	t2_p7	t2_p8	88	75	0	0	0	0	27662	2766.20
sample_1	t2_p7	t2_p9	536	218	0	0	0	0	27662	2766.20
sample_1	t2_p8	t1_p0	836	602	0	0	0	0	27662	2766.20
sample_1	t2_p8	t1_p1	494	158	0	0	0	0	27662	2766.20
sample_1	t2_p8	t1_p2	295	133	0	0	0	0	27662	2766.20
sample_1	t2_p8	t1_p3	100	56	0	0	0	0	27662	2766.20
sample_1	t2_p8	t1_p4	457	182	0	0	0	0	27662	2766.20
sample_1	t2_p8	t1_p5	387	175	0	0	0	0	27662	2766.20
sample_1	t2_p8	t1_p6	305	128	0	0	0	0	27662	2766.20
sample_1	t2_p8	t1_p7	238	157	0	0	0	0	27662	2766.20
sample_1	t2_p8	t1_p8	201	92	0	0	0	0	27662	2766.20
sample_1	t2_p8	t1_p9	77	23	0	0	0	0	27662	2766.20
sample_1	t2_p8	t2_p0	13	9	0	0	0	0	27662	2766.20
sample_1	t2_p8	t2_p1	20	0	0	0	0	0	27662	2766.20
sample_1	t2_p8	t2_p2	73	33	0	0	0	0	27662	2766.20
sample_1	t2_p8	t2_p3	337	143	0	0	0	0	27662	2766.20
sample_1	t2_p8	t2_p4	104	23	0	0	0	0	27662	2766.20
sample_1	t2_p8	t2_p5	257	181	0	0	0	0	27662	2766.20
sample_1	t2_p8	t2_p6	194	102	0	0	0	0	27662	2766.20
sample_1	t2_p8	t2_p7	129	68	0	0	0	0	27662	2766.20
sample_1	t2_p8	t2_p9	375	161	0	0	0	0	27662	2766.20
sample_1	t2_p9	t1_p0	504	219	0	0	0	0	27662	2766.20
sample_1	t2_p9	t1_p1	796	218	0	0	0	0	27662	2766.20
sample_1	t2_p9	t1_p2	748	363	0	0	0	0	27662	2766.20
sample_1	t2_p9	t1_p3	482	172	0	0	0	0	27662	2766.20
sample_1	t2_p9	t1_p4	900	162	0	0	0	0	27662	2766.20
sample_1	t2_p9	t1_p5	434	165	0	0	0	0	27662	2766.20
sample_1	t2_p9	t1_p6	562	231	0	0	0	0	27662	2766.20
sample_1	t2_p9	t1_p7	330	115	0	0	0	0	27662	2766.20
sample_1	t2_p9	t1_p8	232	78	0	0	0	0	27662	2766.20
sample_1	t2_p9	t1_p9	403	149	0	0	0	0	27662	2766.20
sample_1	t2_p9	t2_p0	153	52	0	0	0	0	27662	2766.20
sample_1	t2_p9	t2_p1	290	94	0	0	0	0	27662	2766.20
sample_1	t2_p9	t2_p2	254	88	0	0	0	0	27662	2766.20
sample_1	t2_p9	t2_p3	397	49	0	0	0	0	27662	2766.20
sample_1	t2_p9	t2_p4	450	210	0	0	0	0	27662	2766.20
sample_1	t2_p9	t2_p5	447	203	0	0	0	0	27662	2766.20
sample_1	t2_p9	t2_p6	337	108	0	0	0	0	27662	2766.20
sample_1	t2_p9	t2_p7	391	193	0	0	0	0	27662	2766.20
sample_1	t2_p9	t2_p8	288	168	0	0	0	0	27662	2766.20
