#corMIN = 0.9
#d(m)	tau	hist
1	0	12
1	1	1
1	2	0
1	3	0
1	4	0

1.5	0	9
1.5	1	3
1.5	2	3
1.5	3	0
1.5	4	0

2	0	35
2	1	3
2	2	3
2	3	8
2	4	0

2.5	0	39
2.5	1	9
2.5	2	4
2.5	3	0
2.5	4	0

3	0	39
3	1	4
3	2	14
3	3	60
3	4	0

3.5	0	50
3.5	1	17
3.5	2	59
3.5	3	14
3.5	4	7

4	0	50
4	1	26
4	2	19
4	3	7
4	4	4

4.5	0	21
4.5	1	41
4.5	2	33
4.5	3	43
4.5	4	0

5	0	37
5	1	71
5	2	32
5	3	74
5	4	0

5.5	0	68
5.5	1	36
5.5	2	17
5.5	3	16
5.5	4	1

6	0	43
6	1	25
6	2	36
6	3	23
6	4	20

6.5	0	55
6.5	1	89
6.5	2	84
6.5	3	42
6.5	4	21

7	0	120
7	1	49
7	2	71
7	3	46
7	4	9

7.5	0	142
7.5	1	49
7.5	2	70
7.5	3	65
7.5	4	32

8	0	97
8	1	129
8	2	51
8	3	77
8	4	25

8.5	0	139
8.5	1	95
8.5	2	129
8.5	3	89
8.5	4	25

9	0	162
9	1	98
9	2	115
9	3	96
9	4	34

9.5	0	100
9.5	1	80
9.5	2	73
9.5	3	68
9.5	4	38

10	0	213
10	1	104
10	2	75
10	3	46
10	4	57

10.5	0	167
10.5	1	168
10.5	2	66
10.5	3	94
10.5	4	62

11	0	253
11	1	235
11	2	130
11	3	116
11	4	66

11.5	0	403
11.5	1	174
11.5	2	116
11.5	3	130
11.5	4	39

12	0	262
12	1	132
12	2	128
12	3	92
12	4	49

12.5	0	202
12.5	1	163
12.5	2	76
12.5	3	92
12.5	4	43

13	0	238
13	1	148
13	2	130
13	3	107
13	4	28

13.5	0	202
13.5	1	139
13.5	2	121
13.5	3	74
13.5	4	33

14	0	90
14	1	173
14	2	114
14	3	95
14	4	68

14.5	0	140
14.5	1	173
14.5	2	121
14.5	3	106
14.5	4	39

15	0	155
15	1	147
15	2	110
15	3	73
15	4	24

15.5	0	158
15.5	1	168
15.5	2	117
15.5	3	91
15.5	4	25

16	0	111
16	1	89
16	2	154
16	3	130
16	4	25

16.5	0	183
16.5	1	108
16.5	2	109
16.5	3	87
16.5	4	51

17	0	134
17	1	83
17	2	70
17	3	40
17	4	33

17.5	0	123
17.5	1	70
17.5	2	59
17.5	3	49
17.5	4	31

18	0	157
18	1	74
18	2	55
18	3	65
18	4	19

18.5	0	81
18.5	1	61
18.5	2	31
18.5	3	55
18.5	4	34

19	0	64
19	1	103
19	2	40
19	3	89
19	4	29

19.5	0	41
19.5	1	59
19.5	2	39
19.5	3	67
19.5	4	15

20	0	76
20	1	54
20	2	35
20	3	33
20	4	16

20.5	0	65
20.5	1	55
20.5	2	37
20.5	3	34
20.5	4	21

21	0	35
21	1	34
21	2	25
21	3	39
21	4	13

21.5	0	28
21.5	1	22
21.5	2	19
21.5	3	24
21.5	4	18

22	0	18
22	1	30
22	2	12
22	3	24
22	4	7

22.5	0	13
22.5	1	15
22.5	2	10
22.5	3	27
22.5	4	4

23	0	18
23	1	11
23	2	19
23	3	11
23	4	3

23.5	0	26
23.5	1	22
23.5	2	9
23.5	3	12
23.5	4	4

24	0	35
24	1	20
24	2	9
24	3	7
24	4	3

24.5	0	18
24.5	1	6
24.5	2	5
24.5	3	5
24.5	4	2

25	0	6
25	1	5
25	2	12
25	3	6
25	4	3

25.5	0	8
25.5	1	13
25.5	2	16
25.5	3	8
25.5	4	1

26	0	12
26	1	14
26	2	3
26	3	5
26	4	2

26.5	0	12
26.5	1	17
26.5	2	2
26.5	3	12
26.5	4	2

27	0	10
27	1	10
27	2	4
27	3	4
27	4	2

27.5	0	8
27.5	1	3
27.5	2	2
27.5	3	6
27.5	4	1

28	0	9
28	1	5
28	2	2
28	3	8
28	4	1

28.5	0	9
28.5	1	8
28.5	2	0
28.5	3	6
28.5	4	2

29	0	2
29	1	13
29	2	4
29	3	18
29	4	1

29.5	0	7
29.5	1	2
29.5	2	10
29.5	3	1
29.5	4	0

30	0	6
30	1	2
30	2	1
30	3	2
30	4	0

30.5	0	4
30.5	1	0
30.5	2	6
30.5	3	16
30.5	4	0

31	0	27
31	1	10
31	2	26
31	3	16
31	4	0

31.5	0	9
31.5	1	31
31.5	2	6
31.5	3	11
31.5	4	0

32	0	11
32	1	19
32	2	10
32	3	39
32	4	6

32.5	0	9
32.5	1	11
32.5	2	3
32.5	3	7
32.5	4	3

33	0	10
33	1	7
33	2	23
33	3	2
33	4	9

33.5	0	2
33.5	1	6
33.5	2	6
33.5	3	8
33.5	4	2

34	0	4
34	1	2
34	2	5
34	3	2
34	4	1

34.5	0	6
34.5	1	1
34.5	2	6
34.5	3	3
34.5	4	25

35	0	15
35	1	10
35	2	11
35	3	17
35	4	10

35.5	0	5
35.5	1	2
35.5	2	8
35.5	3	27
35.5	4	0

36	0	0
36	1	5
36	2	4
36	3	5
36	4	0

36.5	0	0
36.5	1	3
36.5	2	5
36.5	3	4
36.5	4	1

37	0	2
37	1	1
37	2	9
37	3	4
37	4	1

37.5	0	12
37.5	1	0
37.5	2	10
37.5	3	3
37.5	4	1

38	0	3
38	1	11
38	2	6
38	3	3
38	4	1

38.5	0	0
38.5	1	0
38.5	2	6
38.5	3	6
38.5	4	7

39	0	0
39	1	0
39	2	6
39	3	0
39	4	5

39.5	0	0
39.5	1	0
39.5	2	13
39.5	3	4
39.5	4	3

40	0	18
40	1	8
40	2	14
40	3	3
40	4	0

40.5	0	0
40.5	1	0
40.5	2	0
40.5	3	7
40.5	4	1

41	0	0
41	1	0
41	2	0
41	3	0
41	4	0

41.5	0	0
41.5	1	0
41.5	2	0
41.5	3	0
41.5	4	0

42	0	0
42	1	0
42	2	0
42	3	0
42	4	0

42.5	0	0
42.5	1	0
42.5	2	0
42.5	3	0
42.5	4	0

43	0	0
43	1	0
43	2	0
43	3	0
43	4	0

43.5	0	0
43.5	1	0
43.5	2	0
43.5	3	0
43.5	4	0

44	0	0
44	1	0
44	2	0
44	3	0
44	4	0

