#d(m)	cor	hist
1	0.01	0
1.5	0.01	0
2	0.01	0
2.5	0.01	0
3	0.01	0
3.5	0.01	0
4	0.01	0
4.5	0.01	0
5	0.01	0
5.5	0.01	0
6	0.01	0
6.5	0.01	0
7	0.01	0
7.5	0.01	0
8	0.01	0
8.5	0.01	0
9	0.01	2
9.5	0.01	2
10	0.01	1
10.5	0.01	1
11	0.01	1
11.5	0.01	1
12	0.01	0
12.5	0.01	0
13	0.01	0
13.5	0.01	0
14	0.01	0
14.5	0.01	0
15	0.01	0
15.5	0.01	0
16	0.01	0
16.5	0.01	0
17	0.01	0
17.5	0.01	0
18	0.01	0
18.5	0.01	0
19	0.01	0
19.5	0.01	1
20	0.01	0
20.5	0.01	0
21	0.01	0
21.5	0.01	0
22	0.01	0
22.5	0.01	0
23	0.01	1
23.5	0.01	0
24	0.01	0
24.5	0.01	0
25	0.01	0
25.5	0.01	0
26	0.01	0
26.5	0.01	0
27	0.01	0
27.5	0.01	0
28	0.01	0
28.5	0.01	0
29	0.01	0
29.5	0.01	0
30	0.01	0
30.5	0.01	0
31	0.01	0
31.5	0.01	0
32	0.01	0
32.5	0.01	0
33	0.01	0
33.5	0.01	0
34	0.01	0
34.5	0.01	0
35	0.01	0
35.5	0.01	0
36	0.01	0
36.5	0.01	0
37	0.01	0
37.5	0.01	0
38	0.01	0
38.5	0.01	0
39	0.01	0
39.5	0.01	0
40	0.01	0
40.5	0.01	0
41	0.01	0
41.5	0.01	0
42	0.01	0
42.5	0.01	0
43	0.01	0
43.5	0.01	0
44	0.01	0

1	0.02	0
1.5	0.02	0
2	0.02	0
2.5	0.02	0
3	0.02	0
3.5	0.02	0
4	0.02	0
4.5	0.02	0
5	0.02	0
5.5	0.02	0
6	0.02	0
6.5	0.02	0
7	0.02	0
7.5	0.02	0
8	0.02	2
8.5	0.02	0
9	0.02	0
9.5	0.02	0
10	0.02	1
10.5	0.02	0
11	0.02	0
11.5	0.02	0
12	0.02	0
12.5	0.02	0
13	0.02	0
13.5	0.02	1
14	0.02	0
14.5	0.02	0
15	0.02	0
15.5	0.02	0
16	0.02	0
16.5	0.02	0
17	0.02	0
17.5	0.02	0
18	0.02	0
18.5	0.02	0
19	0.02	0
19.5	0.02	1
20	0.02	0
20.5	0.02	0
21	0.02	0
21.5	0.02	0
22	0.02	0
22.5	0.02	0
23	0.02	0
23.5	0.02	0
24	0.02	0
24.5	0.02	0
25	0.02	0
25.5	0.02	0
26	0.02	1
26.5	0.02	0
27	0.02	0
27.5	0.02	0
28	0.02	0
28.5	0.02	0
29	0.02	0
29.5	0.02	0
30	0.02	0
30.5	0.02	0
31	0.02	0
31.5	0.02	0
32	0.02	0
32.5	0.02	0
33	0.02	0
33.5	0.02	0
34	0.02	0
34.5	0.02	0
35	0.02	0
35.5	0.02	0
36	0.02	0
36.5	0.02	0
37	0.02	0
37.5	0.02	0
38	0.02	0
38.5	0.02	0
39	0.02	0
39.5	0.02	0
40	0.02	0
40.5	0.02	0
41	0.02	0
41.5	0.02	0
42	0.02	0
42.5	0.02	0
43	0.02	0
43.5	0.02	0
44	0.02	0

1	0.03	0
1.5	0.03	0
2	0.03	0
2.5	0.03	0
3	0.03	0
3.5	0.03	0
4	0.03	0
4.5	0.03	0
5	0.03	0
5.5	0.03	0
6	0.03	0
6.5	0.03	0
7	0.03	0
7.5	0.03	2
8	0.03	0
8.5	0.03	2
9	0.03	0
9.5	0.03	2
10	0.03	0
10.5	0.03	0
11	0.03	0
11.5	0.03	0
12	0.03	1
12.5	0.03	0
13	0.03	1
13.5	0.03	0
14	0.03	0
14.5	0.03	0
15	0.03	0
15.5	0.03	0
16	0.03	0
16.5	0.03	0
17	0.03	0
17.5	0.03	0
18	0.03	0
18.5	0.03	0
19	0.03	0
19.5	0.03	0
20	0.03	0
20.5	0.03	0
21	0.03	0
21.5	0.03	0
22	0.03	0
22.5	0.03	0
23	0.03	0
23.5	0.03	3
24	0.03	0
24.5	0.03	0
25	0.03	0
25.5	0.03	0
26	0.03	0
26.5	0.03	0
27	0.03	0
27.5	0.03	0
28	0.03	0
28.5	0.03	0
29	0.03	0
29.5	0.03	0
30	0.03	0
30.5	0.03	0
31	0.03	0
31.5	0.03	0
32	0.03	0
32.5	0.03	0
33	0.03	0
33.5	0.03	0
34	0.03	0
34.5	0.03	0
35	0.03	0
35.5	0.03	0
36	0.03	0
36.5	0.03	0
37	0.03	0
37.5	0.03	0
38	0.03	0
38.5	0.03	0
39	0.03	0
39.5	0.03	0
40	0.03	0
40.5	0.03	0
41	0.03	0
41.5	0.03	0
42	0.03	0
42.5	0.03	0
43	0.03	0
43.5	0.03	0
44	0.03	0

1	0.04	0
1.5	0.04	0
2	0.04	0
2.5	0.04	0
3	0.04	0
3.5	0.04	0
4	0.04	0
4.5	0.04	0
5	0.04	0
5.5	0.04	0
6	0.04	0
6.5	0.04	0
7	0.04	1
7.5	0.04	2
8	0.04	0
8.5	0.04	0
9	0.04	1
9.5	0.04	0
10	0.04	0
10.5	0.04	0
11	0.04	0
11.5	0.04	0
12	0.04	0
12.5	0.04	0
13	0.04	0
13.5	0.04	0
14	0.04	0
14.5	0.04	0
15	0.04	0
15.5	0.04	0
16	0.04	0
16.5	0.04	0
17	0.04	0
17.5	0.04	0
18	0.04	0
18.5	0.04	0
19	0.04	0
19.5	0.04	0
20	0.04	1
20.5	0.04	0
21	0.04	0
21.5	0.04	0
22	0.04	0
22.5	0.04	0
23	0.04	0
23.5	0.04	1
24	0.04	0
24.5	0.04	0
25	0.04	0
25.5	0.04	0
26	0.04	0
26.5	0.04	0
27	0.04	0
27.5	0.04	0
28	0.04	0
28.5	0.04	0
29	0.04	0
29.5	0.04	0
30	0.04	0
30.5	0.04	0
31	0.04	0
31.5	0.04	0
32	0.04	0
32.5	0.04	0
33	0.04	0
33.5	0.04	0
34	0.04	0
34.5	0.04	0
35	0.04	0
35.5	0.04	0
36	0.04	0
36.5	0.04	0
37	0.04	0
37.5	0.04	0
38	0.04	0
38.5	0.04	0
39	0.04	0
39.5	0.04	0
40	0.04	0
40.5	0.04	0
41	0.04	0
41.5	0.04	0
42	0.04	0
42.5	0.04	0
43	0.04	0
43.5	0.04	0
44	0.04	0

1	0.05	0
1.5	0.05	0
2	0.05	0
2.5	0.05	0
3	0.05	0
3.5	0.05	0
4	0.05	0
4.5	0.05	0
5	0.05	0
5.5	0.05	0
6	0.05	0
6.5	0.05	0
7	0.05	0
7.5	0.05	0
8	0.05	0
8.5	0.05	1
9	0.05	0
9.5	0.05	0
10	0.05	0
10.5	0.05	0
11	0.05	0
11.5	0.05	2
12	0.05	0
12.5	0.05	0
13	0.05	1
13.5	0.05	1
14	0.05	0
14.5	0.05	0
15	0.05	0
15.5	0.05	0
16	0.05	0
16.5	0.05	0
17	0.05	0
17.5	0.05	0
18	0.05	0
18.5	0.05	0
19	0.05	0
19.5	0.05	0
20	0.05	1
20.5	0.05	0
21	0.05	0
21.5	0.05	0
22	0.05	0
22.5	0.05	0
23	0.05	0
23.5	0.05	0
24	0.05	0
24.5	0.05	0
25	0.05	0
25.5	0.05	0
26	0.05	0
26.5	0.05	0
27	0.05	0
27.5	0.05	0
28	0.05	0
28.5	0.05	0
29	0.05	0
29.5	0.05	0
30	0.05	0
30.5	0.05	0
31	0.05	1
31.5	0.05	0
32	0.05	0
32.5	0.05	0
33	0.05	0
33.5	0.05	0
34	0.05	0
34.5	0.05	0
35	0.05	0
35.5	0.05	0
36	0.05	0
36.5	0.05	0
37	0.05	0
37.5	0.05	0
38	0.05	0
38.5	0.05	0
39	0.05	0
39.5	0.05	0
40	0.05	0
40.5	0.05	0
41	0.05	0
41.5	0.05	0
42	0.05	0
42.5	0.05	0
43	0.05	0
43.5	0.05	0
44	0.05	0

1	0.06	0
1.5	0.06	0
2	0.06	0
2.5	0.06	0
3	0.06	0
3.5	0.06	0
4	0.06	0
4.5	0.06	0
5	0.06	0
5.5	0.06	0
6	0.06	0
6.5	0.06	0
7	0.06	0
7.5	0.06	0
8	0.06	2
8.5	0.06	0
9	0.06	0
9.5	0.06	0
10	0.06	1
10.5	0.06	0
11	0.06	1
11.5	0.06	2
12	0.06	0
12.5	0.06	0
13	0.06	1
13.5	0.06	0
14	0.06	1
14.5	0.06	0
15	0.06	0
15.5	0.06	0
16	0.06	0
16.5	0.06	0
17	0.06	0
17.5	0.06	0
18	0.06	0
18.5	0.06	0
19	0.06	0
19.5	0.06	1
20	0.06	2
20.5	0.06	1
21	0.06	0
21.5	0.06	0
22	0.06	0
22.5	0.06	0
23	0.06	0
23.5	0.06	0
24	0.06	0
24.5	0.06	0
25	0.06	0
25.5	0.06	0
26	0.06	0
26.5	0.06	0
27	0.06	0
27.5	0.06	0
28	0.06	0
28.5	0.06	0
29	0.06	0
29.5	0.06	0
30	0.06	0
30.5	0.06	0
31	0.06	0
31.5	0.06	0
32	0.06	0
32.5	0.06	0
33	0.06	0
33.5	0.06	0
34	0.06	0
34.5	0.06	0
35	0.06	0
35.5	0.06	0
36	0.06	0
36.5	0.06	0
37	0.06	0
37.5	0.06	0
38	0.06	0
38.5	0.06	0
39	0.06	0
39.5	0.06	0
40	0.06	0
40.5	0.06	0
41	0.06	0
41.5	0.06	0
42	0.06	0
42.5	0.06	0
43	0.06	0
43.5	0.06	0
44	0.06	0

1	0.07	0
1.5	0.07	0
2	0.07	0
2.5	0.07	0
3	0.07	0
3.5	0.07	0
4	0.07	0
4.5	0.07	0
5	0.07	0
5.5	0.07	0
6	0.07	0
6.5	0.07	0
7	0.07	2
7.5	0.07	0
8	0.07	2
8.5	0.07	0
9	0.07	2
9.5	0.07	1
10	0.07	0
10.5	0.07	1
11	0.07	0
11.5	0.07	0
12	0.07	0
12.5	0.07	0
13	0.07	0
13.5	0.07	0
14	0.07	0
14.5	0.07	0
15	0.07	0
15.5	0.07	0
16	0.07	0
16.5	0.07	0
17	0.07	0
17.5	0.07	0
18	0.07	0
18.5	0.07	0
19	0.07	1
19.5	0.07	0
20	0.07	0
20.5	0.07	1
21	0.07	0
21.5	0.07	0
22	0.07	0
22.5	0.07	0
23	0.07	0
23.5	0.07	0
24	0.07	0
24.5	0.07	0
25	0.07	0
25.5	0.07	0
26	0.07	0
26.5	0.07	0
27	0.07	0
27.5	0.07	0
28	0.07	0
28.5	0.07	0
29	0.07	0
29.5	0.07	0
30	0.07	0
30.5	0.07	0
31	0.07	0
31.5	0.07	0
32	0.07	0
32.5	0.07	1
33	0.07	0
33.5	0.07	0
34	0.07	0
34.5	0.07	0
35	0.07	0
35.5	0.07	0
36	0.07	0
36.5	0.07	0
37	0.07	0
37.5	0.07	0
38	0.07	0
38.5	0.07	0
39	0.07	0
39.5	0.07	0
40	0.07	0
40.5	0.07	0
41	0.07	0
41.5	0.07	0
42	0.07	0
42.5	0.07	0
43	0.07	0
43.5	0.07	0
44	0.07	0

1	0.08	0
1.5	0.08	0
2	0.08	0
2.5	0.08	1
3	0.08	0
3.5	0.08	0
4	0.08	0
4.5	0.08	1
5	0.08	0
5.5	0.08	0
6	0.08	0
6.5	0.08	0
7	0.08	0
7.5	0.08	0
8	0.08	0
8.5	0.08	0
9	0.08	0
9.5	0.08	0
10	0.08	1
10.5	0.08	0
11	0.08	2
11.5	0.08	0
12	0.08	0
12.5	0.08	1
13	0.08	0
13.5	0.08	0
14	0.08	0
14.5	0.08	0
15	0.08	0
15.5	0.08	0
16	0.08	0
16.5	0.08	0
17	0.08	0
17.5	0.08	0
18	0.08	1
18.5	0.08	0
19	0.08	1
19.5	0.08	1
20	0.08	1
20.5	0.08	1
21	0.08	0
21.5	0.08	0
22	0.08	0
22.5	0.08	0
23	0.08	0
23.5	0.08	0
24	0.08	0
24.5	0.08	0
25	0.08	0
25.5	0.08	0
26	0.08	0
26.5	0.08	1
27	0.08	0
27.5	0.08	0
28	0.08	0
28.5	0.08	0
29	0.08	0
29.5	0.08	0
30	0.08	0
30.5	0.08	0
31	0.08	0
31.5	0.08	0
32	0.08	0
32.5	0.08	0
33	0.08	0
33.5	0.08	0
34	0.08	0
34.5	0.08	0
35	0.08	0
35.5	0.08	0
36	0.08	0
36.5	0.08	0
37	0.08	0
37.5	0.08	0
38	0.08	0
38.5	0.08	0
39	0.08	0
39.5	0.08	0
40	0.08	0
40.5	0.08	0
41	0.08	0
41.5	0.08	0
42	0.08	0
42.5	0.08	0
43	0.08	0
43.5	0.08	0
44	0.08	0

1	0.09	0
1.5	0.09	0
2	0.09	0
2.5	0.09	0
3	0.09	1
3.5	0.09	0
4	0.09	0
4.5	0.09	0
5	0.09	0
5.5	0.09	0
6	0.09	0
6.5	0.09	0
7	0.09	1
7.5	0.09	0
8	0.09	0
8.5	0.09	0
9	0.09	0
9.5	0.09	0
10	0.09	0
10.5	0.09	0
11	0.09	0
11.5	0.09	2
12	0.09	2
12.5	0.09	0
13	0.09	2
13.5	0.09	0
14	0.09	0
14.5	0.09	0
15	0.09	0
15.5	0.09	0
16	0.09	0
16.5	0.09	0
17	0.09	0
17.5	0.09	0
18	0.09	0
18.5	0.09	0
19	0.09	0
19.5	0.09	0
20	0.09	1
20.5	0.09	0
21	0.09	0
21.5	0.09	0
22	0.09	0
22.5	0.09	0
23	0.09	0
23.5	0.09	0
24	0.09	0
24.5	0.09	0
25	0.09	0
25.5	0.09	0
26	0.09	0
26.5	0.09	0
27	0.09	0
27.5	0.09	0
28	0.09	0
28.5	0.09	0
29	0.09	0
29.5	0.09	0
30	0.09	0
30.5	0.09	0
31	0.09	0
31.5	0.09	0
32	0.09	0
32.5	0.09	0
33	0.09	0
33.5	0.09	0
34	0.09	0
34.5	0.09	0
35	0.09	0
35.5	0.09	0
36	0.09	0
36.5	0.09	0
37	0.09	0
37.5	0.09	0
38	0.09	0
38.5	0.09	0
39	0.09	0
39.5	0.09	0
40	0.09	0
40.5	0.09	0
41	0.09	0
41.5	0.09	0
42	0.09	0
42.5	0.09	0
43	0.09	0
43.5	0.09	0
44	0.09	0

1	0.1	0
1.5	0.1	0
2	0.1	0
2.5	0.1	1
3	0.1	0
3.5	0.1	0
4	0.1	0
4.5	0.1	0
5	0.1	0
5.5	0.1	0
6	0.1	0
6.5	0.1	0
7	0.1	0
7.5	0.1	1
8	0.1	1
8.5	0.1	0
9	0.1	0
9.5	0.1	0
10	0.1	0
10.5	0.1	0
11	0.1	0
11.5	0.1	1
12	0.1	0
12.5	0.1	0
13	0.1	0
13.5	0.1	0
14	0.1	0
14.5	0.1	0
15	0.1	0
15.5	0.1	0
16	0.1	0
16.5	0.1	0
17	0.1	0
17.5	0.1	0
18	0.1	0
18.5	0.1	0
19	0.1	1
19.5	0.1	0
20	0.1	0
20.5	0.1	0
21	0.1	0
21.5	0.1	0
22	0.1	0
22.5	0.1	0
23	0.1	0
23.5	0.1	0
24	0.1	0
24.5	0.1	0
25	0.1	0
25.5	0.1	0
26	0.1	0
26.5	0.1	0
27	0.1	0
27.5	0.1	0
28	0.1	0
28.5	0.1	0
29	0.1	0
29.5	0.1	0
30	0.1	0
30.5	0.1	0
31	0.1	0
31.5	0.1	2
32	0.1	0
32.5	0.1	0
33	0.1	0
33.5	0.1	0
34	0.1	0
34.5	0.1	0
35	0.1	0
35.5	0.1	0
36	0.1	0
36.5	0.1	0
37	0.1	0
37.5	0.1	0
38	0.1	0
38.5	0.1	0
39	0.1	0
39.5	0.1	0
40	0.1	0
40.5	0.1	0
41	0.1	0
41.5	0.1	0
42	0.1	0
42.5	0.1	0
43	0.1	0
43.5	0.1	0
44	0.1	0

1	0.11	0
1.5	0.11	0
2	0.11	1
2.5	0.11	0
3	0.11	0
3.5	0.11	0
4	0.11	0
4.5	0.11	0
5	0.11	0
5.5	0.11	0
6	0.11	0
6.5	0.11	0
7	0.11	0
7.5	0.11	0
8	0.11	1
8.5	0.11	1
9	0.11	0
9.5	0.11	0
10	0.11	0
10.5	0.11	0
11	0.11	0
11.5	0.11	0
12	0.11	0
12.5	0.11	0
13	0.11	0
13.5	0.11	0
14	0.11	0
14.5	0.11	0
15	0.11	0
15.5	0.11	0
16	0.11	0
16.5	0.11	0
17	0.11	0
17.5	0.11	0
18	0.11	0
18.5	0.11	0
19	0.11	0
19.5	0.11	0
20	0.11	1
20.5	0.11	0
21	0.11	0
21.5	0.11	0
22	0.11	0
22.5	0.11	0
23	0.11	0
23.5	0.11	0
24	0.11	0
24.5	0.11	0
25	0.11	0
25.5	0.11	0
26	0.11	0
26.5	0.11	0
27	0.11	0
27.5	0.11	0
28	0.11	0
28.5	0.11	0
29	0.11	0
29.5	0.11	0
30	0.11	0
30.5	0.11	0
31	0.11	0
31.5	0.11	0
32	0.11	0
32.5	0.11	0
33	0.11	0
33.5	0.11	0
34	0.11	0
34.5	0.11	0
35	0.11	0
35.5	0.11	0
36	0.11	0
36.5	0.11	0
37	0.11	0
37.5	0.11	0
38	0.11	0
38.5	0.11	0
39	0.11	0
39.5	0.11	0
40	0.11	0
40.5	0.11	0
41	0.11	0
41.5	0.11	0
42	0.11	0
42.5	0.11	0
43	0.11	0
43.5	0.11	0
44	0.11	0

1	0.12	0
1.5	0.12	0
2	0.12	0
2.5	0.12	1
3	0.12	1
3.5	0.12	1
4	0.12	0
4.5	0.12	0
5	0.12	0
5.5	0.12	0
6	0.12	0
6.5	0.12	1
7	0.12	0
7.5	0.12	0
8	0.12	2
8.5	0.12	1
9	0.12	1
9.5	0.12	1
10	0.12	2
10.5	0.12	2
11	0.12	1
11.5	0.12	1
12	0.12	0
12.5	0.12	2
13	0.12	0
13.5	0.12	0
14	0.12	0
14.5	0.12	0
15	0.12	0
15.5	0.12	0
16	0.12	0
16.5	0.12	0
17	0.12	0
17.5	0.12	0
18	0.12	0
18.5	0.12	0
19	0.12	0
19.5	0.12	1
20	0.12	0
20.5	0.12	0
21	0.12	1
21.5	0.12	0
22	0.12	0
22.5	0.12	1
23	0.12	0
23.5	0.12	0
24	0.12	0
24.5	0.12	0
25	0.12	0
25.5	0.12	0
26	0.12	0
26.5	0.12	0
27	0.12	0
27.5	0.12	0
28	0.12	0
28.5	0.12	0
29	0.12	0
29.5	0.12	0
30	0.12	0
30.5	0.12	1
31	0.12	0
31.5	0.12	0
32	0.12	0
32.5	0.12	0
33	0.12	0
33.5	0.12	0
34	0.12	0
34.5	0.12	0
35	0.12	0
35.5	0.12	0
36	0.12	0
36.5	0.12	0
37	0.12	0
37.5	0.12	0
38	0.12	0
38.5	0.12	0
39	0.12	0
39.5	0.12	0
40	0.12	0
40.5	0.12	0
41	0.12	0
41.5	0.12	0
42	0.12	0
42.5	0.12	0
43	0.12	0
43.5	0.12	0
44	0.12	0

1	0.13	0
1.5	0.13	0
2	0.13	0
2.5	0.13	1
3	0.13	0
3.5	0.13	0
4	0.13	0
4.5	0.13	0
5	0.13	0
5.5	0.13	0
6	0.13	0
6.5	0.13	0
7	0.13	0
7.5	0.13	2
8	0.13	0
8.5	0.13	1
9	0.13	1
9.5	0.13	0
10	0.13	1
10.5	0.13	0
11	0.13	0
11.5	0.13	1
12	0.13	0
12.5	0.13	0
13	0.13	1
13.5	0.13	1
14	0.13	0
14.5	0.13	0
15	0.13	0
15.5	0.13	0
16	0.13	0
16.5	0.13	0
17	0.13	0
17.5	0.13	1
18	0.13	0
18.5	0.13	0
19	0.13	1
19.5	0.13	1
20	0.13	0
20.5	0.13	1
21	0.13	0
21.5	0.13	0
22	0.13	0
22.5	0.13	0
23	0.13	0
23.5	0.13	0
24	0.13	0
24.5	0.13	0
25	0.13	0
25.5	0.13	0
26	0.13	0
26.5	0.13	1
27	0.13	0
27.5	0.13	0
28	0.13	0
28.5	0.13	0
29	0.13	0
29.5	0.13	0
30	0.13	0
30.5	0.13	0
31	0.13	0
31.5	0.13	0
32	0.13	0
32.5	0.13	0
33	0.13	0
33.5	0.13	0
34	0.13	0
34.5	0.13	0
35	0.13	0
35.5	0.13	0
36	0.13	0
36.5	0.13	0
37	0.13	0
37.5	0.13	0
38	0.13	0
38.5	0.13	0
39	0.13	0
39.5	0.13	0
40	0.13	0
40.5	0.13	0
41	0.13	0
41.5	0.13	0
42	0.13	0
42.5	0.13	0
43	0.13	0
43.5	0.13	0
44	0.13	0

1	0.14	0
1.5	0.14	0
2	0.14	0
2.5	0.14	1
3	0.14	0
3.5	0.14	0
4	0.14	1
4.5	0.14	0
5	0.14	0
5.5	0.14	0
6	0.14	0
6.5	0.14	0
7	0.14	0
7.5	0.14	0
8	0.14	0
8.5	0.14	0
9	0.14	1
9.5	0.14	0
10	0.14	1
10.5	0.14	0
11	0.14	1
11.5	0.14	0
12	0.14	1
12.5	0.14	0
13	0.14	1
13.5	0.14	0
14	0.14	0
14.5	0.14	0
15	0.14	1
15.5	0.14	1
16	0.14	0
16.5	0.14	0
17	0.14	0
17.5	0.14	1
18	0.14	0
18.5	0.14	0
19	0.14	0
19.5	0.14	0
20	0.14	1
20.5	0.14	2
21	0.14	0
21.5	0.14	0
22	0.14	0
22.5	0.14	0
23	0.14	0
23.5	0.14	0
24	0.14	1
24.5	0.14	0
25	0.14	0
25.5	0.14	0
26	0.14	0
26.5	0.14	0
27	0.14	0
27.5	0.14	0
28	0.14	0
28.5	0.14	0
29	0.14	0
29.5	0.14	0
30	0.14	0
30.5	0.14	0
31	0.14	0
31.5	0.14	1
32	0.14	0
32.5	0.14	0
33	0.14	1
33.5	0.14	0
34	0.14	0
34.5	0.14	0
35	0.14	0
35.5	0.14	0
36	0.14	0
36.5	0.14	0
37	0.14	0
37.5	0.14	0
38	0.14	0
38.5	0.14	0
39	0.14	0
39.5	0.14	0
40	0.14	0
40.5	0.14	0
41	0.14	0
41.5	0.14	0
42	0.14	0
42.5	0.14	0
43	0.14	0
43.5	0.14	0
44	0.14	0

1	0.15	0
1.5	0.15	0
2	0.15	0
2.5	0.15	0
3	0.15	0
3.5	0.15	0
4	0.15	0
4.5	0.15	0
5	0.15	0
5.5	0.15	0
6	0.15	0
6.5	0.15	0
7	0.15	0
7.5	0.15	0
8	0.15	0
8.5	0.15	1
9	0.15	1
9.5	0.15	1
10	0.15	0
10.5	0.15	0
11	0.15	2
11.5	0.15	0
12	0.15	1
12.5	0.15	0
13	0.15	1
13.5	0.15	0
14	0.15	0
14.5	0.15	0
15	0.15	0
15.5	0.15	1
16	0.15	0
16.5	0.15	0
17	0.15	0
17.5	0.15	1
18	0.15	0
18.5	0.15	2
19	0.15	2
19.5	0.15	1
20	0.15	0
20.5	0.15	0
21	0.15	0
21.5	0.15	0
22	0.15	0
22.5	0.15	0
23	0.15	0
23.5	0.15	1
24	0.15	0
24.5	0.15	0
25	0.15	0
25.5	0.15	0
26	0.15	0
26.5	0.15	0
27	0.15	0
27.5	0.15	0
28	0.15	0
28.5	0.15	0
29	0.15	0
29.5	0.15	0
30	0.15	0
30.5	0.15	0
31	0.15	0
31.5	0.15	0
32	0.15	0
32.5	0.15	0
33	0.15	0
33.5	0.15	0
34	0.15	0
34.5	0.15	0
35	0.15	0
35.5	0.15	0
36	0.15	0
36.5	0.15	0
37	0.15	0
37.5	0.15	0
38	0.15	0
38.5	0.15	0
39	0.15	0
39.5	0.15	0
40	0.15	0
40.5	0.15	0
41	0.15	0
41.5	0.15	0
42	0.15	0
42.5	0.15	0
43	0.15	0
43.5	0.15	0
44	0.15	0

1	0.16	0
1.5	0.16	0
2	0.16	0
2.5	0.16	0
3	0.16	0
3.5	0.16	0
4	0.16	0
4.5	0.16	1
5	0.16	0
5.5	0.16	0
6	0.16	0
6.5	0.16	0
7	0.16	0
7.5	0.16	1
8	0.16	1
8.5	0.16	0
9	0.16	0
9.5	0.16	0
10	0.16	0
10.5	0.16	0
11	0.16	0
11.5	0.16	1
12	0.16	0
12.5	0.16	0
13	0.16	0
13.5	0.16	1
14	0.16	0
14.5	0.16	1
15	0.16	0
15.5	0.16	0
16	0.16	0
16.5	0.16	2
17	0.16	2
17.5	0.16	0
18	0.16	0
18.5	0.16	0
19	0.16	0
19.5	0.16	0
20	0.16	0
20.5	0.16	1
21	0.16	0
21.5	0.16	0
22	0.16	0
22.5	0.16	0
23	0.16	0
23.5	0.16	0
24	0.16	0
24.5	0.16	0
25	0.16	0
25.5	0.16	0
26	0.16	0
26.5	0.16	0
27	0.16	0
27.5	0.16	0
28	0.16	0
28.5	0.16	0
29	0.16	0
29.5	0.16	0
30	0.16	0
30.5	0.16	1
31	0.16	0
31.5	0.16	0
32	0.16	0
32.5	0.16	0
33	0.16	0
33.5	0.16	0
34	0.16	0
34.5	0.16	0
35	0.16	0
35.5	0.16	0
36	0.16	0
36.5	0.16	0
37	0.16	0
37.5	0.16	0
38	0.16	0
38.5	0.16	0
39	0.16	0
39.5	0.16	0
40	0.16	0
40.5	0.16	0
41	0.16	0
41.5	0.16	0
42	0.16	0
42.5	0.16	0
43	0.16	0
43.5	0.16	0
44	0.16	0

1	0.17	0
1.5	0.17	0
2	0.17	0
2.5	0.17	0
3	0.17	0
3.5	0.17	0
4	0.17	0
4.5	0.17	0
5	0.17	0
5.5	0.17	0
6	0.17	0
6.5	0.17	0
7	0.17	0
7.5	0.17	1
8	0.17	3
8.5	0.17	0
9	0.17	2
9.5	0.17	0
10	0.17	1
10.5	0.17	0
11	0.17	0
11.5	0.17	2
12	0.17	0
12.5	0.17	1
13	0.17	0
13.5	0.17	0
14	0.17	0
14.5	0.17	1
15	0.17	2
15.5	0.17	1
16	0.17	0
16.5	0.17	0
17	0.17	1
17.5	0.17	0
18	0.17	0
18.5	0.17	1
19	0.17	0
19.5	0.17	2
20	0.17	1
20.5	0.17	1
21	0.17	0
21.5	0.17	0
22	0.17	0
22.5	0.17	0
23	0.17	0
23.5	0.17	0
24	0.17	0
24.5	0.17	0
25	0.17	0
25.5	0.17	0
26	0.17	0
26.5	0.17	0
27	0.17	1
27.5	0.17	0
28	0.17	0
28.5	0.17	0
29	0.17	0
29.5	0.17	0
30	0.17	0
30.5	0.17	0
31	0.17	0
31.5	0.17	0
32	0.17	0
32.5	0.17	0
33	0.17	0
33.5	0.17	0
34	0.17	0
34.5	0.17	0
35	0.17	0
35.5	0.17	0
36	0.17	0
36.5	0.17	0
37	0.17	0
37.5	0.17	0
38	0.17	0
38.5	0.17	0
39	0.17	0
39.5	0.17	0
40	0.17	0
40.5	0.17	0
41	0.17	0
41.5	0.17	0
42	0.17	0
42.5	0.17	0
43	0.17	0
43.5	0.17	0
44	0.17	0

1	0.18	0
1.5	0.18	0
2	0.18	0
2.5	0.18	0
3	0.18	0
3.5	0.18	0
4	0.18	0
4.5	0.18	1
5	0.18	0
5.5	0.18	0
6	0.18	0
6.5	0.18	0
7	0.18	0
7.5	0.18	1
8	0.18	2
8.5	0.18	2
9	0.18	4
9.5	0.18	1
10	0.18	0
10.5	0.18	0
11	0.18	1
11.5	0.18	2
12	0.18	1
12.5	0.18	0
13	0.18	1
13.5	0.18	0
14	0.18	0
14.5	0.18	0
15	0.18	0
15.5	0.18	0
16	0.18	1
16.5	0.18	0
17	0.18	0
17.5	0.18	0
18	0.18	0
18.5	0.18	0
19	0.18	0
19.5	0.18	1
20	0.18	1
20.5	0.18	0
21	0.18	0
21.5	0.18	0
22	0.18	0
22.5	0.18	0
23	0.18	0
23.5	0.18	0
24	0.18	0
24.5	0.18	0
25	0.18	0
25.5	0.18	0
26	0.18	0
26.5	0.18	0
27	0.18	1
27.5	0.18	1
28	0.18	0
28.5	0.18	0
29	0.18	0
29.5	0.18	0
30	0.18	0
30.5	0.18	1
31	0.18	0
31.5	0.18	0
32	0.18	0
32.5	0.18	0
33	0.18	0
33.5	0.18	0
34	0.18	1
34.5	0.18	0
35	0.18	0
35.5	0.18	0
36	0.18	0
36.5	0.18	0
37	0.18	0
37.5	0.18	0
38	0.18	0
38.5	0.18	0
39	0.18	0
39.5	0.18	0
40	0.18	0
40.5	0.18	0
41	0.18	0
41.5	0.18	0
42	0.18	0
42.5	0.18	0
43	0.18	0
43.5	0.18	0
44	0.18	0

1	0.19	0
1.5	0.19	0
2	0.19	0
2.5	0.19	1
3	0.19	0
3.5	0.19	0
4	0.19	0
4.5	0.19	0
5	0.19	0
5.5	0.19	0
6	0.19	0
6.5	0.19	5
7	0.19	7
7.5	0.19	0
8	0.19	2
8.5	0.19	2
9	0.19	0
9.5	0.19	0
10	0.19	1
10.5	0.19	1
11	0.19	0
11.5	0.19	2
12	0.19	1
12.5	0.19	0
13	0.19	0
13.5	0.19	0
14	0.19	0
14.5	0.19	1
15	0.19	1
15.5	0.19	1
16	0.19	0
16.5	0.19	0
17	0.19	0
17.5	0.19	0
18	0.19	0
18.5	0.19	0
19	0.19	0
19.5	0.19	0
20	0.19	0
20.5	0.19	0
21	0.19	0
21.5	0.19	0
22	0.19	0
22.5	0.19	0
23	0.19	0
23.5	0.19	0
24	0.19	0
24.5	0.19	0
25	0.19	0
25.5	0.19	0
26	0.19	0
26.5	0.19	0
27	0.19	0
27.5	0.19	0
28	0.19	0
28.5	0.19	0
29	0.19	0
29.5	0.19	0
30	0.19	0
30.5	0.19	0
31	0.19	0
31.5	0.19	0
32	0.19	0
32.5	0.19	0
33	0.19	0
33.5	0.19	0
34	0.19	0
34.5	0.19	0
35	0.19	0
35.5	0.19	0
36	0.19	0
36.5	0.19	0
37	0.19	0
37.5	0.19	0
38	0.19	0
38.5	0.19	0
39	0.19	0
39.5	0.19	0
40	0.19	0
40.5	0.19	0
41	0.19	0
41.5	0.19	0
42	0.19	0
42.5	0.19	0
43	0.19	0
43.5	0.19	0
44	0.19	0

1	0.2	0
1.5	0.2	0
2	0.2	0
2.5	0.2	0
3	0.2	0
3.5	0.2	0
4	0.2	0
4.5	0.2	0
5	0.2	0
5.5	0.2	0
6	0.2	0
6.5	0.2	0
7	0.2	1
7.5	0.2	1
8	0.2	1
8.5	0.2	1
9	0.2	1
9.5	0.2	0
10	0.2	0
10.5	0.2	0
11	0.2	0
11.5	0.2	2
12	0.2	0
12.5	0.2	0
13	0.2	1
13.5	0.2	0
14	0.2	0
14.5	0.2	0
15	0.2	1
15.5	0.2	2
16	0.2	0
16.5	0.2	0
17	0.2	0
17.5	0.2	0
18	0.2	0
18.5	0.2	2
19	0.2	2
19.5	0.2	1
20	0.2	0
20.5	0.2	0
21	0.2	2
21.5	0.2	1
22	0.2	0
22.5	0.2	0
23	0.2	0
23.5	0.2	0
24	0.2	0
24.5	0.2	0
25	0.2	0
25.5	0.2	0
26	0.2	0
26.5	0.2	0
27	0.2	0
27.5	0.2	1
28	0.2	0
28.5	0.2	0
29	0.2	0
29.5	0.2	0
30	0.2	0
30.5	0.2	0
31	0.2	0
31.5	0.2	0
32	0.2	0
32.5	0.2	0
33	0.2	0
33.5	0.2	1
34	0.2	0
34.5	0.2	0
35	0.2	0
35.5	0.2	0
36	0.2	0
36.5	0.2	0
37	0.2	0
37.5	0.2	0
38	0.2	0
38.5	0.2	0
39	0.2	0
39.5	0.2	0
40	0.2	0
40.5	0.2	0
41	0.2	0
41.5	0.2	0
42	0.2	0
42.5	0.2	0
43	0.2	0
43.5	0.2	0
44	0.2	0

1	0.21	0
1.5	0.21	0
2	0.21	0
2.5	0.21	0
3	0.21	0
3.5	0.21	0
4	0.21	0
4.5	0.21	0
5	0.21	0
5.5	0.21	0
6	0.21	0
6.5	0.21	0
7	0.21	0
7.5	0.21	0
8	0.21	0
8.5	0.21	5
9	0.21	1
9.5	0.21	1
10	0.21	1
10.5	0.21	1
11	0.21	1
11.5	0.21	1
12	0.21	0
12.5	0.21	0
13	0.21	0
13.5	0.21	1
14	0.21	0
14.5	0.21	0
15	0.21	1
15.5	0.21	1
16	0.21	1
16.5	0.21	0
17	0.21	0
17.5	0.21	0
18	0.21	0
18.5	0.21	0
19	0.21	0
19.5	0.21	0
20	0.21	0
20.5	0.21	0
21	0.21	1
21.5	0.21	0
22	0.21	0
22.5	0.21	0
23	0.21	0
23.5	0.21	0
24	0.21	0
24.5	0.21	0
25	0.21	0
25.5	0.21	0
26	0.21	0
26.5	0.21	0
27	0.21	0
27.5	0.21	0
28	0.21	1
28.5	0.21	0
29	0.21	0
29.5	0.21	0
30	0.21	0
30.5	0.21	0
31	0.21	0
31.5	0.21	0
32	0.21	0
32.5	0.21	0
33	0.21	0
33.5	0.21	0
34	0.21	0
34.5	0.21	0
35	0.21	0
35.5	0.21	0
36	0.21	0
36.5	0.21	1
37	0.21	0
37.5	0.21	0
38	0.21	0
38.5	0.21	0
39	0.21	0
39.5	0.21	0
40	0.21	0
40.5	0.21	0
41	0.21	0
41.5	0.21	0
42	0.21	0
42.5	0.21	0
43	0.21	0
43.5	0.21	0
44	0.21	0

1	0.22	0
1.5	0.22	0
2	0.22	0
2.5	0.22	0
3	0.22	0
3.5	0.22	0
4	0.22	0
4.5	0.22	0
5	0.22	0
5.5	0.22	0
6	0.22	0
6.5	0.22	0
7	0.22	1
7.5	0.22	2
8	0.22	0
8.5	0.22	2
9	0.22	1
9.5	0.22	0
10	0.22	1
10.5	0.22	0
11	0.22	0
11.5	0.22	1
12	0.22	1
12.5	0.22	0
13	0.22	0
13.5	0.22	0
14	0.22	0
14.5	0.22	0
15	0.22	2
15.5	0.22	2
16	0.22	0
16.5	0.22	1
17	0.22	0
17.5	0.22	0
18	0.22	0
18.5	0.22	1
19	0.22	0
19.5	0.22	0
20	0.22	1
20.5	0.22	1
21	0.22	0
21.5	0.22	0
22	0.22	0
22.5	0.22	0
23	0.22	0
23.5	0.22	0
24	0.22	0
24.5	0.22	0
25	0.22	0
25.5	0.22	0
26	0.22	0
26.5	0.22	0
27	0.22	0
27.5	0.22	0
28	0.22	0
28.5	0.22	0
29	0.22	0
29.5	0.22	0
30	0.22	0
30.5	0.22	0
31	0.22	0
31.5	0.22	1
32	0.22	0
32.5	0.22	0
33	0.22	0
33.5	0.22	0
34	0.22	0
34.5	0.22	0
35	0.22	0
35.5	0.22	0
36	0.22	0
36.5	0.22	0
37	0.22	0
37.5	0.22	0
38	0.22	0
38.5	0.22	0
39	0.22	0
39.5	0.22	0
40	0.22	0
40.5	0.22	0
41	0.22	0
41.5	0.22	0
42	0.22	0
42.5	0.22	0
43	0.22	0
43.5	0.22	0
44	0.22	0

1	0.23	0
1.5	0.23	0
2	0.23	0
2.5	0.23	0
3	0.23	0
3.5	0.23	0
4	0.23	0
4.5	0.23	0
5	0.23	1
5.5	0.23	0
6	0.23	0
6.5	0.23	0
7	0.23	0
7.5	0.23	0
8	0.23	0
8.5	0.23	0
9	0.23	5
9.5	0.23	0
10	0.23	0
10.5	0.23	0
11	0.23	1
11.5	0.23	2
12	0.23	2
12.5	0.23	1
13	0.23	1
13.5	0.23	1
14	0.23	0
14.5	0.23	2
15	0.23	2
15.5	0.23	0
16	0.23	2
16.5	0.23	0
17	0.23	0
17.5	0.23	1
18	0.23	0
18.5	0.23	2
19	0.23	1
19.5	0.23	1
20	0.23	0
20.5	0.23	0
21	0.23	0
21.5	0.23	0
22	0.23	0
22.5	0.23	0
23	0.23	0
23.5	0.23	0
24	0.23	0
24.5	0.23	0
25	0.23	0
25.5	0.23	0
26	0.23	0
26.5	0.23	0
27	0.23	0
27.5	0.23	0
28	0.23	0
28.5	0.23	0
29	0.23	0
29.5	0.23	0
30	0.23	0
30.5	0.23	0
31	0.23	0
31.5	0.23	1
32	0.23	0
32.5	0.23	0
33	0.23	0
33.5	0.23	0
34	0.23	0
34.5	0.23	0
35	0.23	0
35.5	0.23	0
36	0.23	1
36.5	0.23	0
37	0.23	0
37.5	0.23	0
38	0.23	0
38.5	0.23	0
39	0.23	0
39.5	0.23	0
40	0.23	0
40.5	0.23	0
41	0.23	0
41.5	0.23	0
42	0.23	0
42.5	0.23	0
43	0.23	0
43.5	0.23	0
44	0.23	0

1	0.24	0
1.5	0.24	0
2	0.24	0
2.5	0.24	0
3	0.24	0
3.5	0.24	4
4	0.24	0
4.5	0.24	0
5	0.24	0
5.5	0.24	0
6	0.24	0
6.5	0.24	1
7	0.24	0
7.5	0.24	0
8	0.24	1
8.5	0.24	0
9	0.24	0
9.5	0.24	1
10	0.24	1
10.5	0.24	0
11	0.24	1
11.5	0.24	2
12	0.24	1
12.5	0.24	1
13	0.24	0
13.5	0.24	0
14	0.24	1
14.5	0.24	0
15	0.24	1
15.5	0.24	1
16	0.24	0
16.5	0.24	0
17	0.24	0
17.5	0.24	0
18	0.24	1
18.5	0.24	0
19	0.24	5
19.5	0.24	1
20	0.24	1
20.5	0.24	0
21	0.24	1
21.5	0.24	0
22	0.24	0
22.5	0.24	0
23	0.24	0
23.5	0.24	0
24	0.24	0
24.5	0.24	0
25	0.24	0
25.5	0.24	0
26	0.24	0
26.5	0.24	0
27	0.24	0
27.5	0.24	0
28	0.24	1
28.5	0.24	0
29	0.24	0
29.5	0.24	0
30	0.24	1
30.5	0.24	0
31	0.24	0
31.5	0.24	1
32	0.24	0
32.5	0.24	0
33	0.24	0
33.5	0.24	0
34	0.24	1
34.5	0.24	0
35	0.24	0
35.5	0.24	0
36	0.24	1
36.5	0.24	0
37	0.24	0
37.5	0.24	0
38	0.24	0
38.5	0.24	0
39	0.24	0
39.5	0.24	0
40	0.24	0
40.5	0.24	0
41	0.24	0
41.5	0.24	0
42	0.24	0
42.5	0.24	0
43	0.24	0
43.5	0.24	0
44	0.24	0

1	0.25	0
1.5	0.25	0
2	0.25	0
2.5	0.25	0
3	0.25	1
3.5	0.25	0
4	0.25	0
4.5	0.25	1
5	0.25	0
5.5	0.25	0
6	0.25	0
6.5	0.25	0
7	0.25	0
7.5	0.25	0
8	0.25	0
8.5	0.25	0
9	0.25	1
9.5	0.25	1
10	0.25	0
10.5	0.25	1
11	0.25	0
11.5	0.25	1
12	0.25	0
12.5	0.25	2
13	0.25	2
13.5	0.25	1
14	0.25	1
14.5	0.25	0
15	0.25	2
15.5	0.25	0
16	0.25	0
16.5	0.25	0
17	0.25	1
17.5	0.25	1
18	0.25	1
18.5	0.25	1
19	0.25	0
19.5	0.25	1
20	0.25	0
20.5	0.25	0
21	0.25	0
21.5	0.25	1
22	0.25	0
22.5	0.25	0
23	0.25	0
23.5	0.25	1
24	0.25	0
24.5	0.25	0
25	0.25	0
25.5	0.25	0
26	0.25	0
26.5	0.25	0
27	0.25	0
27.5	0.25	0
28	0.25	0
28.5	0.25	0
29	0.25	0
29.5	0.25	0
30	0.25	0
30.5	0.25	0
31	0.25	0
31.5	0.25	0
32	0.25	0
32.5	0.25	0
33	0.25	0
33.5	0.25	0
34	0.25	0
34.5	0.25	0
35	0.25	0
35.5	0.25	0
36	0.25	0
36.5	0.25	0
37	0.25	0
37.5	0.25	0
38	0.25	0
38.5	0.25	0
39	0.25	0
39.5	0.25	0
40	0.25	0
40.5	0.25	0
41	0.25	0
41.5	0.25	0
42	0.25	0
42.5	0.25	0
43	0.25	0
43.5	0.25	0
44	0.25	0

1	0.26	0
1.5	0.26	0
2	0.26	0
2.5	0.26	0
3	0.26	0
3.5	0.26	0
4	0.26	0
4.5	0.26	0
5	0.26	0
5.5	0.26	0
6	0.26	0
6.5	0.26	0
7	0.26	0
7.5	0.26	1
8	0.26	0
8.5	0.26	0
9	0.26	1
9.5	0.26	0
10	0.26	0
10.5	0.26	0
11	0.26	0
11.5	0.26	0
12	0.26	1
12.5	0.26	0
13	0.26	1
13.5	0.26	1
14	0.26	1
14.5	0.26	0
15	0.26	1
15.5	0.26	0
16	0.26	0
16.5	0.26	0
17	0.26	0
17.5	0.26	1
18	0.26	1
18.5	0.26	0
19	0.26	0
19.5	0.26	0
20	0.26	0
20.5	0.26	1
21	0.26	0
21.5	0.26	0
22	0.26	1
22.5	0.26	1
23	0.26	1
23.5	0.26	0
24	0.26	0
24.5	0.26	0
25	0.26	0
25.5	0.26	0
26	0.26	0
26.5	0.26	0
27	0.26	0
27.5	0.26	0
28	0.26	0
28.5	0.26	0
29	0.26	0
29.5	0.26	0
30	0.26	0
30.5	0.26	0
31	0.26	0
31.5	0.26	0
32	0.26	0
32.5	0.26	0
33	0.26	0
33.5	0.26	0
34	0.26	2
34.5	0.26	0
35	0.26	0
35.5	0.26	0
36	0.26	1
36.5	0.26	0
37	0.26	0
37.5	0.26	0
38	0.26	0
38.5	0.26	0
39	0.26	0
39.5	0.26	0
40	0.26	0
40.5	0.26	0
41	0.26	0
41.5	0.26	0
42	0.26	0
42.5	0.26	0
43	0.26	0
43.5	0.26	0
44	0.26	0

1	0.27	0
1.5	0.27	0
2	0.27	0
2.5	0.27	0
3	0.27	0
3.5	0.27	0
4	0.27	0
4.5	0.27	0
5	0.27	0
5.5	0.27	0
6	0.27	0
6.5	0.27	0
7	0.27	0
7.5	0.27	0
8	0.27	1
8.5	0.27	0
9	0.27	2
9.5	0.27	1
10	0.27	0
10.5	0.27	0
11	0.27	1
11.5	0.27	6
12	0.27	4
12.5	0.27	0
13	0.27	0
13.5	0.27	1
14	0.27	0
14.5	0.27	0
15	0.27	0
15.5	0.27	0
16	0.27	0
16.5	0.27	0
17	0.27	2
17.5	0.27	1
18	0.27	1
18.5	0.27	0
19	0.27	0
19.5	0.27	0
20	0.27	1
20.5	0.27	1
21	0.27	3
21.5	0.27	0
22	0.27	1
22.5	0.27	0
23	0.27	0
23.5	0.27	0
24	0.27	0
24.5	0.27	1
25	0.27	0
25.5	0.27	0
26	0.27	0
26.5	0.27	0
27	0.27	0
27.5	0.27	0
28	0.27	0
28.5	0.27	0
29	0.27	0
29.5	0.27	0
30	0.27	0
30.5	0.27	0
31	0.27	0
31.5	0.27	0
32	0.27	0
32.5	0.27	0
33	0.27	0
33.5	0.27	1
34	0.27	0
34.5	0.27	0
35	0.27	0
35.5	0.27	0
36	0.27	1
36.5	0.27	0
37	0.27	0
37.5	0.27	0
38	0.27	0
38.5	0.27	0
39	0.27	0
39.5	0.27	0
40	0.27	0
40.5	0.27	0
41	0.27	0
41.5	0.27	0
42	0.27	0
42.5	0.27	0
43	0.27	0
43.5	0.27	0
44	0.27	0

1	0.28	0
1.5	0.28	0
2	0.28	0
2.5	0.28	0
3	0.28	0
3.5	0.28	0
4	0.28	0
4.5	0.28	0
5	0.28	1
5.5	0.28	0
6	0.28	0
6.5	0.28	1
7	0.28	0
7.5	0.28	0
8	0.28	1
8.5	0.28	0
9	0.28	0
9.5	0.28	2
10	0.28	0
10.5	0.28	1
11	0.28	2
11.5	0.28	1
12	0.28	1
12.5	0.28	0
13	0.28	0
13.5	0.28	1
14	0.28	1
14.5	0.28	0
15	0.28	0
15.5	0.28	2
16	0.28	1
16.5	0.28	1
17	0.28	1
17.5	0.28	0
18	0.28	1
18.5	0.28	0
19	0.28	2
19.5	0.28	2
20	0.28	1
20.5	0.28	0
21	0.28	0
21.5	0.28	0
22	0.28	0
22.5	0.28	0
23	0.28	0
23.5	0.28	1
24	0.28	2
24.5	0.28	0
25	0.28	0
25.5	0.28	0
26	0.28	0
26.5	0.28	0
27	0.28	0
27.5	0.28	0
28	0.28	1
28.5	0.28	0
29	0.28	0
29.5	0.28	0
30	0.28	0
30.5	0.28	0
31	0.28	0
31.5	0.28	0
32	0.28	2
32.5	0.28	0
33	0.28	0
33.5	0.28	0
34	0.28	0
34.5	0.28	0
35	0.28	0
35.5	0.28	0
36	0.28	0
36.5	0.28	0
37	0.28	0
37.5	0.28	0
38	0.28	0
38.5	0.28	0
39	0.28	0
39.5	0.28	0
40	0.28	0
40.5	0.28	0
41	0.28	0
41.5	0.28	0
42	0.28	0
42.5	0.28	0
43	0.28	0
43.5	0.28	0
44	0.28	0

1	0.29	0
1.5	0.29	0
2	0.29	0
2.5	0.29	0
3	0.29	0
3.5	0.29	1
4	0.29	0
4.5	0.29	0
5	0.29	0
5.5	0.29	0
6	0.29	0
6.5	0.29	0
7	0.29	1
7.5	0.29	2
8	0.29	1
8.5	0.29	1
9	0.29	2
9.5	0.29	2
10	0.29	1
10.5	0.29	0
11	0.29	1
11.5	0.29	2
12	0.29	0
12.5	0.29	0
13	0.29	1
13.5	0.29	0
14	0.29	0
14.5	0.29	0
15	0.29	0
15.5	0.29	0
16	0.29	1
16.5	0.29	0
17	0.29	0
17.5	0.29	3
18	0.29	1
18.5	0.29	3
19	0.29	1
19.5	0.29	0
20	0.29	1
20.5	0.29	0
21	0.29	0
21.5	0.29	0
22	0.29	0
22.5	0.29	0
23	0.29	0
23.5	0.29	0
24	0.29	0
24.5	0.29	0
25	0.29	0
25.5	0.29	0
26	0.29	0
26.5	0.29	0
27	0.29	0
27.5	0.29	0
28	0.29	0
28.5	0.29	0
29	0.29	0
29.5	0.29	0
30	0.29	1
30.5	0.29	0
31	0.29	0
31.5	0.29	0
32	0.29	0
32.5	0.29	0
33	0.29	0
33.5	0.29	0
34	0.29	1
34.5	0.29	0
35	0.29	0
35.5	0.29	0
36	0.29	1
36.5	0.29	0
37	0.29	0
37.5	0.29	0
38	0.29	0
38.5	0.29	0
39	0.29	0
39.5	0.29	0
40	0.29	0
40.5	0.29	0
41	0.29	0
41.5	0.29	0
42	0.29	0
42.5	0.29	0
43	0.29	0
43.5	0.29	0
44	0.29	0

1	0.3	0
1.5	0.3	0
2	0.3	0
2.5	0.3	0
3	0.3	0
3.5	0.3	0
4	0.3	0
4.5	0.3	0
5	0.3	0
5.5	0.3	0
6	0.3	0
6.5	0.3	1
7	0.3	0
7.5	0.3	0
8	0.3	0
8.5	0.3	0
9	0.3	1
9.5	0.3	0
10	0.3	2
10.5	0.3	0
11	0.3	1
11.5	0.3	0
12	0.3	0
12.5	0.3	0
13	0.3	1
13.5	0.3	0
14	0.3	1
14.5	0.3	0
15	0.3	0
15.5	0.3	0
16	0.3	0
16.5	0.3	1
17	0.3	0
17.5	0.3	1
18	0.3	0
18.5	0.3	0
19	0.3	0
19.5	0.3	0
20	0.3	0
20.5	0.3	0
21	0.3	0
21.5	0.3	1
22	0.3	0
22.5	0.3	0
23	0.3	0
23.5	0.3	1
24	0.3	0
24.5	0.3	0
25	0.3	0
25.5	0.3	0
26	0.3	0
26.5	0.3	0
27	0.3	0
27.5	0.3	0
28	0.3	0
28.5	0.3	0
29	0.3	0
29.5	0.3	0
30	0.3	0
30.5	0.3	0
31	0.3	0
31.5	0.3	0
32	0.3	0
32.5	0.3	0
33	0.3	0
33.5	0.3	0
34	0.3	0
34.5	0.3	0
35	0.3	0
35.5	0.3	1
36	0.3	0
36.5	0.3	1
37	0.3	0
37.5	0.3	0
38	0.3	0
38.5	0.3	0
39	0.3	0
39.5	0.3	0
40	0.3	0
40.5	0.3	0
41	0.3	0
41.5	0.3	0
42	0.3	0
42.5	0.3	0
43	0.3	0
43.5	0.3	0
44	0.3	0

1	0.31	0
1.5	0.31	0
2	0.31	0
2.5	0.31	0
3	0.31	0
3.5	0.31	0
4	0.31	0
4.5	0.31	0
5	0.31	0
5.5	0.31	0
6	0.31	0
6.5	0.31	2
7	0.31	0
7.5	0.31	0
8	0.31	1
8.5	0.31	0
9	0.31	0
9.5	0.31	1
10	0.31	1
10.5	0.31	2
11	0.31	1
11.5	0.31	1
12	0.31	0
12.5	0.31	0
13	0.31	0
13.5	0.31	0
14	0.31	1
14.5	0.31	0
15	0.31	1
15.5	0.31	0
16	0.31	1
16.5	0.31	1
17	0.31	1
17.5	0.31	0
18	0.31	2
18.5	0.31	0
19	0.31	0
19.5	0.31	0
20	0.31	0
20.5	0.31	0
21	0.31	1
21.5	0.31	0
22	0.31	0
22.5	0.31	0
23	0.31	0
23.5	0.31	0
24	0.31	0
24.5	0.31	0
25	0.31	0
25.5	0.31	0
26	0.31	0
26.5	0.31	0
27	0.31	0
27.5	0.31	0
28	0.31	0
28.5	0.31	0
29	0.31	0
29.5	0.31	0
30	0.31	0
30.5	0.31	1
31	0.31	2
31.5	0.31	2
32	0.31	0
32.5	0.31	0
33	0.31	0
33.5	0.31	0
34	0.31	0
34.5	0.31	0
35	0.31	0
35.5	0.31	0
36	0.31	0
36.5	0.31	0
37	0.31	0
37.5	0.31	0
38	0.31	0
38.5	0.31	0
39	0.31	0
39.5	0.31	0
40	0.31	0
40.5	0.31	0
41	0.31	0
41.5	0.31	0
42	0.31	0
42.5	0.31	0
43	0.31	0
43.5	0.31	0
44	0.31	0

1	0.32	0
1.5	0.32	0
2	0.32	0
2.5	0.32	0
3	0.32	0
3.5	0.32	0
4	0.32	0
4.5	0.32	0
5	0.32	0
5.5	0.32	0
6	0.32	0
6.5	0.32	2
7	0.32	0
7.5	0.32	0
8	0.32	0
8.5	0.32	2
9	0.32	1
9.5	0.32	8
10	0.32	0
10.5	0.32	0
11	0.32	0
11.5	0.32	3
12	0.32	2
12.5	0.32	0
13	0.32	2
13.5	0.32	1
14	0.32	0
14.5	0.32	1
15	0.32	0
15.5	0.32	0
16	0.32	0
16.5	0.32	1
17	0.32	3
17.5	0.32	2
18	0.32	0
18.5	0.32	0
19	0.32	0
19.5	0.32	1
20	0.32	0
20.5	0.32	0
21	0.32	0
21.5	0.32	2
22	0.32	0
22.5	0.32	0
23	0.32	0
23.5	0.32	0
24	0.32	0
24.5	0.32	0
25	0.32	0
25.5	0.32	0
26	0.32	0
26.5	0.32	0
27	0.32	0
27.5	0.32	0
28	0.32	0
28.5	0.32	0
29	0.32	0
29.5	0.32	0
30	0.32	0
30.5	0.32	0
31	0.32	0
31.5	0.32	0
32	0.32	2
32.5	0.32	0
33	0.32	0
33.5	0.32	0
34	0.32	0
34.5	0.32	0
35	0.32	0
35.5	0.32	0
36	0.32	0
36.5	0.32	0
37	0.32	0
37.5	0.32	0
38	0.32	0
38.5	0.32	0
39	0.32	0
39.5	0.32	0
40	0.32	0
40.5	0.32	0
41	0.32	0
41.5	0.32	0
42	0.32	0
42.5	0.32	0
43	0.32	0
43.5	0.32	0
44	0.32	0

1	0.33	0
1.5	0.33	0
2	0.33	0
2.5	0.33	0
3	0.33	0
3.5	0.33	0
4	0.33	0
4.5	0.33	0
5	0.33	0
5.5	0.33	1
6	0.33	0
6.5	0.33	0
7	0.33	0
7.5	0.33	2
8	0.33	0
8.5	0.33	0
9	0.33	0
9.5	0.33	1
10	0.33	2
10.5	0.33	0
11	0.33	0
11.5	0.33	2
12	0.33	2
12.5	0.33	0
13	0.33	0
13.5	0.33	0
14	0.33	0
14.5	0.33	1
15	0.33	0
15.5	0.33	0
16	0.33	2
16.5	0.33	0
17	0.33	0
17.5	0.33	0
18	0.33	1
18.5	0.33	0
19	0.33	2
19.5	0.33	8
20	0.33	1
20.5	0.33	1
21	0.33	0
21.5	0.33	1
22	0.33	0
22.5	0.33	0
23	0.33	0
23.5	0.33	0
24	0.33	2
24.5	0.33	1
25	0.33	0
25.5	0.33	0
26	0.33	0
26.5	0.33	0
27	0.33	0
27.5	0.33	0
28	0.33	2
28.5	0.33	1
29	0.33	0
29.5	0.33	0
30	0.33	0
30.5	0.33	0
31	0.33	0
31.5	0.33	0
32	0.33	0
32.5	0.33	0
33	0.33	0
33.5	0.33	4
34	0.33	2
34.5	0.33	1
35	0.33	0
35.5	0.33	1
36	0.33	0
36.5	0.33	0
37	0.33	0
37.5	0.33	0
38	0.33	0
38.5	0.33	0
39	0.33	0
39.5	0.33	0
40	0.33	0
40.5	0.33	0
41	0.33	0
41.5	0.33	0
42	0.33	0
42.5	0.33	0
43	0.33	0
43.5	0.33	0
44	0.33	0

1	0.34	0
1.5	0.34	0
2	0.34	0
2.5	0.34	0
3	0.34	0
3.5	0.34	0
4	0.34	0
4.5	0.34	0
5	0.34	0
5.5	0.34	1
6	0.34	0
6.5	0.34	1
7	0.34	0
7.5	0.34	0
8	0.34	2
8.5	0.34	0
9	0.34	1
9.5	0.34	1
10	0.34	0
10.5	0.34	1
11	0.34	1
11.5	0.34	2
12	0.34	0
12.5	0.34	0
13	0.34	2
13.5	0.34	1
14	0.34	1
14.5	0.34	1
15	0.34	2
15.5	0.34	0
16	0.34	3
16.5	0.34	0
17	0.34	5
17.5	0.34	0
18	0.34	1
18.5	0.34	1
19	0.34	0
19.5	0.34	0
20	0.34	1
20.5	0.34	0
21	0.34	0
21.5	0.34	0
22	0.34	1
22.5	0.34	1
23	0.34	0
23.5	0.34	0
24	0.34	0
24.5	0.34	0
25	0.34	0
25.5	0.34	0
26	0.34	0
26.5	0.34	0
27	0.34	0
27.5	0.34	0
28	0.34	0
28.5	0.34	0
29	0.34	0
29.5	0.34	1
30	0.34	0
30.5	0.34	0
31	0.34	0
31.5	0.34	0
32	0.34	0
32.5	0.34	0
33	0.34	0
33.5	0.34	0
34	0.34	0
34.5	0.34	0
35	0.34	0
35.5	0.34	0
36	0.34	0
36.5	0.34	0
37	0.34	0
37.5	0.34	0
38	0.34	0
38.5	0.34	0
39	0.34	0
39.5	0.34	0
40	0.34	0
40.5	0.34	0
41	0.34	0
41.5	0.34	0
42	0.34	0
42.5	0.34	0
43	0.34	0
43.5	0.34	0
44	0.34	0

1	0.35	0
1.5	0.35	0
2	0.35	0
2.5	0.35	0
3	0.35	0
3.5	0.35	0
4	0.35	1
4.5	0.35	0
5	0.35	0
5.5	0.35	1
6	0.35	0
6.5	0.35	0
7	0.35	0
7.5	0.35	0
8	0.35	0
8.5	0.35	0
9	0.35	0
9.5	0.35	1
10	0.35	1
10.5	0.35	0
11	0.35	1
11.5	0.35	2
12	0.35	4
12.5	0.35	3
13	0.35	0
13.5	0.35	0
14	0.35	1
14.5	0.35	3
15	0.35	3
15.5	0.35	0
16	0.35	0
16.5	0.35	1
17	0.35	1
17.5	0.35	0
18	0.35	0
18.5	0.35	0
19	0.35	2
19.5	0.35	0
20	0.35	0
20.5	0.35	0
21	0.35	1
21.5	0.35	0
22	0.35	0
22.5	0.35	0
23	0.35	0
23.5	0.35	0
24	0.35	0
24.5	0.35	1
25	0.35	0
25.5	0.35	0
26	0.35	0
26.5	0.35	0
27	0.35	0
27.5	0.35	0
28	0.35	1
28.5	0.35	0
29	0.35	1
29.5	0.35	0
30	0.35	0
30.5	0.35	0
31	0.35	0
31.5	0.35	2
32	0.35	2
32.5	0.35	0
33	0.35	0
33.5	0.35	0
34	0.35	0
34.5	0.35	0
35	0.35	0
35.5	0.35	0
36	0.35	0
36.5	0.35	0
37	0.35	0
37.5	0.35	0
38	0.35	0
38.5	0.35	0
39	0.35	0
39.5	0.35	0
40	0.35	0
40.5	0.35	0
41	0.35	0
41.5	0.35	0
42	0.35	0
42.5	0.35	0
43	0.35	0
43.5	0.35	0
44	0.35	0

1	0.36	0
1.5	0.36	0
2	0.36	0
2.5	0.36	0
3	0.36	0
3.5	0.36	1
4	0.36	0
4.5	0.36	0
5	0.36	0
5.5	0.36	0
6	0.36	0
6.5	0.36	2
7	0.36	0
7.5	0.36	0
8	0.36	1
8.5	0.36	0
9	0.36	0
9.5	0.36	0
10	0.36	2
10.5	0.36	1
11	0.36	1
11.5	0.36	1
12	0.36	2
12.5	0.36	0
13	0.36	1
13.5	0.36	1
14	0.36	3
14.5	0.36	1
15	0.36	0
15.5	0.36	0
16	0.36	0
16.5	0.36	0
17	0.36	0
17.5	0.36	0
18	0.36	0
18.5	0.36	0
19	0.36	2
19.5	0.36	0
20	0.36	0
20.5	0.36	0
21	0.36	0
21.5	0.36	1
22	0.36	0
22.5	0.36	1
23	0.36	0
23.5	0.36	0
24	0.36	0
24.5	0.36	0
25	0.36	0
25.5	0.36	0
26	0.36	0
26.5	0.36	0
27	0.36	0
27.5	0.36	0
28	0.36	0
28.5	0.36	0
29	0.36	0
29.5	0.36	0
30	0.36	0
30.5	0.36	0
31	0.36	1
31.5	0.36	0
32	0.36	0
32.5	0.36	0
33	0.36	0
33.5	0.36	0
34	0.36	0
34.5	0.36	0
35	0.36	0
35.5	0.36	0
36	0.36	0
36.5	0.36	0
37	0.36	0
37.5	0.36	0
38	0.36	0
38.5	0.36	0
39	0.36	0
39.5	0.36	0
40	0.36	0
40.5	0.36	0
41	0.36	0
41.5	0.36	0
42	0.36	0
42.5	0.36	0
43	0.36	0
43.5	0.36	0
44	0.36	0

1	0.37	0
1.5	0.37	0
2	0.37	0
2.5	0.37	0
3	0.37	0
3.5	0.37	0
4	0.37	1
4.5	0.37	1
5	0.37	1
5.5	0.37	0
6	0.37	0
6.5	0.37	0
7	0.37	0
7.5	0.37	0
8	0.37	0
8.5	0.37	0
9	0.37	0
9.5	0.37	0
10	0.37	0
10.5	0.37	1
11	0.37	1
11.5	0.37	0
12	0.37	5
12.5	0.37	0
13	0.37	0
13.5	0.37	0
14	0.37	0
14.5	0.37	0
15	0.37	0
15.5	0.37	0
16	0.37	1
16.5	0.37	2
17	0.37	0
17.5	0.37	1
18	0.37	2
18.5	0.37	0
19	0.37	5
19.5	0.37	0
20	0.37	0
20.5	0.37	0
21	0.37	0
21.5	0.37	4
22	0.37	0
22.5	0.37	0
23	0.37	0
23.5	0.37	0
24	0.37	0
24.5	0.37	0
25	0.37	0
25.5	0.37	0
26	0.37	0
26.5	0.37	0
27	0.37	0
27.5	0.37	0
28	0.37	1
28.5	0.37	0
29	0.37	1
29.5	0.37	1
30	0.37	1
30.5	0.37	0
31	0.37	0
31.5	0.37	0
32	0.37	0
32.5	0.37	0
33	0.37	0
33.5	0.37	0
34	0.37	0
34.5	0.37	1
35	0.37	0
35.5	0.37	0
36	0.37	0
36.5	0.37	1
37	0.37	0
37.5	0.37	0
38	0.37	0
38.5	0.37	0
39	0.37	0
39.5	0.37	0
40	0.37	0
40.5	0.37	0
41	0.37	0
41.5	0.37	0
42	0.37	0
42.5	0.37	0
43	0.37	0
43.5	0.37	0
44	0.37	0

1	0.38	0
1.5	0.38	0
2	0.38	0
2.5	0.38	0
3	0.38	0
3.5	0.38	0
4	0.38	0
4.5	0.38	0
5	0.38	0
5.5	0.38	0
6	0.38	0
6.5	0.38	3
7	0.38	1
7.5	0.38	0
8	0.38	1
8.5	0.38	3
9	0.38	1
9.5	0.38	1
10	0.38	0
10.5	0.38	1
11	0.38	1
11.5	0.38	1
12	0.38	2
12.5	0.38	1
13	0.38	2
13.5	0.38	1
14	0.38	1
14.5	0.38	0
15	0.38	1
15.5	0.38	1
16	0.38	1
16.5	0.38	1
17	0.38	0
17.5	0.38	1
18	0.38	3
18.5	0.38	0
19	0.38	1
19.5	0.38	1
20	0.38	2
20.5	0.38	3
21	0.38	0
21.5	0.38	0
22	0.38	0
22.5	0.38	0
23	0.38	0
23.5	0.38	0
24	0.38	0
24.5	0.38	0
25	0.38	0
25.5	0.38	0
26	0.38	0
26.5	0.38	0
27	0.38	0
27.5	0.38	0
28	0.38	0
28.5	0.38	0
29	0.38	0
29.5	0.38	1
30	0.38	0
30.5	0.38	0
31	0.38	0
31.5	0.38	0
32	0.38	0
32.5	0.38	0
33	0.38	0
33.5	0.38	0
34	0.38	0
34.5	0.38	0
35	0.38	0
35.5	0.38	0
36	0.38	0
36.5	0.38	0
37	0.38	0
37.5	0.38	0
38	0.38	0
38.5	0.38	0
39	0.38	0
39.5	0.38	0
40	0.38	0
40.5	0.38	0
41	0.38	0
41.5	0.38	0
42	0.38	0
42.5	0.38	0
43	0.38	0
43.5	0.38	0
44	0.38	0

1	0.39	0
1.5	0.39	0
2	0.39	0
2.5	0.39	0
3	0.39	0
3.5	0.39	1
4	0.39	0
4.5	0.39	1
5	0.39	0
5.5	0.39	0
6	0.39	0
6.5	0.39	4
7	0.39	1
7.5	0.39	0
8	0.39	1
8.5	0.39	0
9	0.39	1
9.5	0.39	1
10	0.39	1
10.5	0.39	2
11	0.39	1
11.5	0.39	2
12	0.39	2
12.5	0.39	0
13	0.39	2
13.5	0.39	1
14	0.39	3
14.5	0.39	1
15	0.39	0
15.5	0.39	0
16	0.39	0
16.5	0.39	0
17	0.39	1
17.5	0.39	0
18	0.39	1
18.5	0.39	1
19	0.39	1
19.5	0.39	2
20	0.39	1
20.5	0.39	0
21	0.39	1
21.5	0.39	0
22	0.39	0
22.5	0.39	0
23	0.39	0
23.5	0.39	0
24	0.39	1
24.5	0.39	0
25	0.39	0
25.5	0.39	0
26	0.39	0
26.5	0.39	0
27	0.39	0
27.5	0.39	0
28	0.39	0
28.5	0.39	0
29	0.39	0
29.5	0.39	0
30	0.39	0
30.5	0.39	0
31	0.39	0
31.5	0.39	0
32	0.39	0
32.5	0.39	0
33	0.39	0
33.5	0.39	0
34	0.39	1
34.5	0.39	0
35	0.39	0
35.5	0.39	0
36	0.39	0
36.5	0.39	0
37	0.39	0
37.5	0.39	0
38	0.39	0
38.5	0.39	0
39	0.39	0
39.5	0.39	0
40	0.39	0
40.5	0.39	0
41	0.39	0
41.5	0.39	0
42	0.39	0
42.5	0.39	0
43	0.39	0
43.5	0.39	0
44	0.39	0

1	0.4	0
1.5	0.4	0
2	0.4	0
2.5	0.4	0
3	0.4	0
3.5	0.4	0
4	0.4	0
4.5	0.4	0
5	0.4	0
5.5	0.4	1
6	0.4	0
6.5	0.4	0
7	0.4	1
7.5	0.4	2
8	0.4	2
8.5	0.4	1
9	0.4	2
9.5	0.4	1
10	0.4	1
10.5	0.4	2
11	0.4	0
11.5	0.4	2
12	0.4	1
12.5	0.4	2
13	0.4	1
13.5	0.4	0
14	0.4	0
14.5	0.4	3
15	0.4	2
15.5	0.4	1
16	0.4	2
16.5	0.4	0
17	0.4	2
17.5	0.4	2
18	0.4	0
18.5	0.4	0
19	0.4	3
19.5	0.4	1
20	0.4	0
20.5	0.4	0
21	0.4	0
21.5	0.4	1
22	0.4	0
22.5	0.4	0
23	0.4	0
23.5	0.4	0
24	0.4	0
24.5	0.4	0
25	0.4	0
25.5	0.4	0
26	0.4	0
26.5	0.4	0
27	0.4	0
27.5	0.4	0
28	0.4	3
28.5	0.4	1
29	0.4	1
29.5	0.4	0
30	0.4	0
30.5	0.4	0
31	0.4	0
31.5	0.4	1
32	0.4	0
32.5	0.4	0
33	0.4	0
33.5	0.4	0
34	0.4	0
34.5	0.4	0
35	0.4	1
35.5	0.4	0
36	0.4	0
36.5	0.4	0
37	0.4	0
37.5	0.4	0
38	0.4	0
38.5	0.4	0
39	0.4	0
39.5	0.4	0
40	0.4	0
40.5	0.4	0
41	0.4	0
41.5	0.4	0
42	0.4	0
42.5	0.4	0
43	0.4	0
43.5	0.4	0
44	0.4	0

1	0.41	0
1.5	0.41	0
2	0.41	0
2.5	0.41	0
3	0.41	0
3.5	0.41	0
4	0.41	0
4.5	0.41	0
5	0.41	0
5.5	0.41	1
6	0.41	1
6.5	0.41	1
7	0.41	0
7.5	0.41	0
8	0.41	0
8.5	0.41	0
9	0.41	0
9.5	0.41	0
10	0.41	0
10.5	0.41	0
11	0.41	0
11.5	0.41	1
12	0.41	0
12.5	0.41	1
13	0.41	4
13.5	0.41	0
14	0.41	2
14.5	0.41	0
15	0.41	1
15.5	0.41	3
16	0.41	0
16.5	0.41	0
17	0.41	1
17.5	0.41	0
18	0.41	1
18.5	0.41	0
19	0.41	2
19.5	0.41	0
20	0.41	0
20.5	0.41	0
21	0.41	1
21.5	0.41	0
22	0.41	0
22.5	0.41	0
23	0.41	1
23.5	0.41	0
24	0.41	0
24.5	0.41	0
25	0.41	1
25.5	0.41	0
26	0.41	0
26.5	0.41	0
27	0.41	0
27.5	0.41	0
28	0.41	0
28.5	0.41	0
29	0.41	0
29.5	0.41	0
30	0.41	0
30.5	0.41	0
31	0.41	0
31.5	0.41	0
32	0.41	1
32.5	0.41	0
33	0.41	0
33.5	0.41	0
34	0.41	0
34.5	0.41	0
35	0.41	0
35.5	0.41	0
36	0.41	0
36.5	0.41	0
37	0.41	0
37.5	0.41	0
38	0.41	0
38.5	0.41	0
39	0.41	0
39.5	0.41	0
40	0.41	0
40.5	0.41	0
41	0.41	0
41.5	0.41	0
42	0.41	0
42.5	0.41	0
43	0.41	0
43.5	0.41	0
44	0.41	0

1	0.42	0
1.5	0.42	0
2	0.42	0
2.5	0.42	0
3	0.42	1
3.5	0.42	0
4	0.42	1
4.5	0.42	0
5	0.42	0
5.5	0.42	0
6	0.42	1
6.5	0.42	1
7	0.42	0
7.5	0.42	3
8	0.42	1
8.5	0.42	1
9	0.42	1
9.5	0.42	2
10	0.42	3
10.5	0.42	0
11	0.42	3
11.5	0.42	2
12	0.42	3
12.5	0.42	4
13	0.42	1
13.5	0.42	0
14	0.42	1
14.5	0.42	0
15	0.42	1
15.5	0.42	0
16	0.42	1
16.5	0.42	0
17	0.42	0
17.5	0.42	1
18	0.42	2
18.5	0.42	0
19	0.42	1
19.5	0.42	0
20	0.42	1
20.5	0.42	0
21	0.42	1
21.5	0.42	0
22	0.42	0
22.5	0.42	0
23	0.42	0
23.5	0.42	0
24	0.42	0
24.5	0.42	1
25	0.42	0
25.5	0.42	0
26	0.42	0
26.5	0.42	0
27	0.42	0
27.5	0.42	0
28	0.42	0
28.5	0.42	0
29	0.42	0
29.5	0.42	0
30	0.42	0
30.5	0.42	0
31	0.42	0
31.5	0.42	1
32	0.42	0
32.5	0.42	0
33	0.42	0
33.5	0.42	0
34	0.42	0
34.5	0.42	0
35	0.42	0
35.5	0.42	0
36	0.42	0
36.5	0.42	0
37	0.42	0
37.5	0.42	0
38	0.42	0
38.5	0.42	0
39	0.42	0
39.5	0.42	0
40	0.42	0
40.5	0.42	0
41	0.42	0
41.5	0.42	0
42	0.42	0
42.5	0.42	0
43	0.42	0
43.5	0.42	0
44	0.42	0

1	0.43	0
1.5	0.43	0
2	0.43	0
2.5	0.43	0
3	0.43	1
3.5	0.43	1
4	0.43	0
4.5	0.43	0
5	0.43	0
5.5	0.43	0
6	0.43	0
6.5	0.43	1
7	0.43	0
7.5	0.43	0
8	0.43	0
8.5	0.43	2
9	0.43	1
9.5	0.43	1
10	0.43	0
10.5	0.43	0
11	0.43	2
11.5	0.43	0
12	0.43	1
12.5	0.43	1
13	0.43	0
13.5	0.43	0
14	0.43	1
14.5	0.43	1
15	0.43	1
15.5	0.43	2
16	0.43	1
16.5	0.43	0
17	0.43	3
17.5	0.43	4
18	0.43	1
18.5	0.43	3
19	0.43	0
19.5	0.43	3
20	0.43	2
20.5	0.43	1
21	0.43	1
21.5	0.43	0
22	0.43	0
22.5	0.43	0
23	0.43	0
23.5	0.43	0
24	0.43	0
24.5	0.43	0
25	0.43	0
25.5	0.43	0
26	0.43	0
26.5	0.43	0
27	0.43	0
27.5	0.43	2
28	0.43	0
28.5	0.43	1
29	0.43	0
29.5	0.43	0
30	0.43	0
30.5	0.43	0
31	0.43	0
31.5	0.43	0
32	0.43	0
32.5	0.43	0
33	0.43	0
33.5	0.43	0
34	0.43	0
34.5	0.43	0
35	0.43	1
35.5	0.43	3
36	0.43	0
36.5	0.43	0
37	0.43	0
37.5	0.43	0
38	0.43	0
38.5	0.43	0
39	0.43	0
39.5	0.43	0
40	0.43	0
40.5	0.43	0
41	0.43	0
41.5	0.43	0
42	0.43	0
42.5	0.43	0
43	0.43	0
43.5	0.43	0
44	0.43	0

1	0.44	0
1.5	0.44	0
2	0.44	0
2.5	0.44	0
3	0.44	1
3.5	0.44	0
4	0.44	0
4.5	0.44	0
5	0.44	0
5.5	0.44	0
6	0.44	2
6.5	0.44	1
7	0.44	1
7.5	0.44	1
8	0.44	1
8.5	0.44	1
9	0.44	2
9.5	0.44	3
10	0.44	0
10.5	0.44	3
11	0.44	2
11.5	0.44	1
12	0.44	3
12.5	0.44	0
13	0.44	0
13.5	0.44	5
14	0.44	0
14.5	0.44	0
15	0.44	0
15.5	0.44	0
16	0.44	0
16.5	0.44	0
17	0.44	2
17.5	0.44	0
18	0.44	0
18.5	0.44	2
19	0.44	1
19.5	0.44	0
20	0.44	2
20.5	0.44	2
21	0.44	1
21.5	0.44	0
22	0.44	0
22.5	0.44	0
23	0.44	0
23.5	0.44	0
24	0.44	1
24.5	0.44	0
25	0.44	0
25.5	0.44	1
26	0.44	0
26.5	0.44	1
27	0.44	0
27.5	0.44	0
28	0.44	1
28.5	0.44	0
29	0.44	1
29.5	0.44	0
30	0.44	0
30.5	0.44	0
31	0.44	0
31.5	0.44	0
32	0.44	0
32.5	0.44	0
33	0.44	0
33.5	0.44	0
34	0.44	0
34.5	0.44	1
35	0.44	0
35.5	0.44	0
36	0.44	0
36.5	0.44	0
37	0.44	0
37.5	0.44	0
38	0.44	0
38.5	0.44	0
39	0.44	0
39.5	0.44	0
40	0.44	0
40.5	0.44	0
41	0.44	0
41.5	0.44	0
42	0.44	0
42.5	0.44	0
43	0.44	0
43.5	0.44	0
44	0.44	0

1	0.45	0
1.5	0.45	0
2	0.45	0
2.5	0.45	0
3	0.45	0
3.5	0.45	0
4	0.45	0
4.5	0.45	0
5	0.45	0
5.5	0.45	0
6	0.45	0
6.5	0.45	3
7	0.45	0
7.5	0.45	1
8	0.45	0
8.5	0.45	0
9	0.45	2
9.5	0.45	1
10	0.45	3
10.5	0.45	1
11	0.45	3
11.5	0.45	1
12	0.45	1
12.5	0.45	0
13	0.45	2
13.5	0.45	3
14	0.45	2
14.5	0.45	0
15	0.45	1
15.5	0.45	1
16	0.45	1
16.5	0.45	1
17	0.45	2
17.5	0.45	2
18	0.45	0
18.5	0.45	0
19	0.45	2
19.5	0.45	0
20	0.45	3
20.5	0.45	1
21	0.45	1
21.5	0.45	1
22	0.45	0
22.5	0.45	0
23	0.45	0
23.5	0.45	0
24	0.45	0
24.5	0.45	0
25	0.45	0
25.5	0.45	0
26	0.45	1
26.5	0.45	0
27	0.45	1
27.5	0.45	0
28	0.45	0
28.5	0.45	1
29	0.45	0
29.5	0.45	0
30	0.45	0
30.5	0.45	0
31	0.45	0
31.5	0.45	0
32	0.45	0
32.5	0.45	0
33	0.45	0
33.5	0.45	0
34	0.45	0
34.5	0.45	0
35	0.45	0
35.5	0.45	0
36	0.45	0
36.5	0.45	0
37	0.45	0
37.5	0.45	0
38	0.45	0
38.5	0.45	0
39	0.45	0
39.5	0.45	0
40	0.45	0
40.5	0.45	0
41	0.45	0
41.5	0.45	0
42	0.45	0
42.5	0.45	0
43	0.45	0
43.5	0.45	0
44	0.45	0

1	0.46	0
1.5	0.46	0
2	0.46	0
2.5	0.46	0
3	0.46	0
3.5	0.46	1
4	0.46	0
4.5	0.46	1
5	0.46	0
5.5	0.46	1
6	0.46	0
6.5	0.46	0
7	0.46	1
7.5	0.46	1
8	0.46	1
8.5	0.46	2
9	0.46	2
9.5	0.46	1
10	0.46	1
10.5	0.46	0
11	0.46	1
11.5	0.46	1
12	0.46	2
12.5	0.46	1
13	0.46	3
13.5	0.46	2
14	0.46	3
14.5	0.46	1
15	0.46	0
15.5	0.46	2
16	0.46	3
16.5	0.46	1
17	0.46	1
17.5	0.46	1
18	0.46	2
18.5	0.46	3
19	0.46	1
19.5	0.46	0
20	0.46	1
20.5	0.46	3
21	0.46	0
21.5	0.46	1
22	0.46	0
22.5	0.46	0
23	0.46	0
23.5	0.46	0
24	0.46	1
24.5	0.46	0
25	0.46	0
25.5	0.46	0
26	0.46	0
26.5	0.46	0
27	0.46	1
27.5	0.46	1
28	0.46	0
28.5	0.46	0
29	0.46	0
29.5	0.46	0
30	0.46	0
30.5	0.46	0
31	0.46	1
31.5	0.46	0
32	0.46	0
32.5	0.46	0
33	0.46	0
33.5	0.46	0
34	0.46	0
34.5	0.46	0
35	0.46	1
35.5	0.46	0
36	0.46	0
36.5	0.46	0
37	0.46	0
37.5	0.46	0
38	0.46	0
38.5	0.46	0
39	0.46	0
39.5	0.46	0
40	0.46	0
40.5	0.46	0
41	0.46	0
41.5	0.46	0
42	0.46	0
42.5	0.46	0
43	0.46	0
43.5	0.46	0
44	0.46	0

1	0.47	0
1.5	0.47	0
2	0.47	0
2.5	0.47	0
3	0.47	0
3.5	0.47	0
4	0.47	0
4.5	0.47	0
5	0.47	0
5.5	0.47	1
6	0.47	0
6.5	0.47	1
7	0.47	2
7.5	0.47	0
8	0.47	2
8.5	0.47	4
9	0.47	0
9.5	0.47	1
10	0.47	3
10.5	0.47	4
11	0.47	3
11.5	0.47	2
12	0.47	10
12.5	0.47	3
13	0.47	1
13.5	0.47	3
14	0.47	0
14.5	0.47	1
15	0.47	0
15.5	0.47	1
16	0.47	0
16.5	0.47	1
17	0.47	0
17.5	0.47	3
18	0.47	0
18.5	0.47	0
19	0.47	1
19.5	0.47	1
20	0.47	1
20.5	0.47	1
21	0.47	0
21.5	0.47	0
22	0.47	0
22.5	0.47	0
23	0.47	0
23.5	0.47	0
24	0.47	0
24.5	0.47	0
25	0.47	0
25.5	0.47	0
26	0.47	0
26.5	0.47	1
27	0.47	1
27.5	0.47	0
28	0.47	0
28.5	0.47	0
29	0.47	0
29.5	0.47	0
30	0.47	0
30.5	0.47	1
31	0.47	0
31.5	0.47	0
32	0.47	0
32.5	0.47	0
33	0.47	0
33.5	0.47	1
34	0.47	0
34.5	0.47	0
35	0.47	0
35.5	0.47	0
36	0.47	0
36.5	0.47	0
37	0.47	0
37.5	0.47	0
38	0.47	0
38.5	0.47	0
39	0.47	0
39.5	0.47	0
40	0.47	0
40.5	0.47	0
41	0.47	0
41.5	0.47	0
42	0.47	0
42.5	0.47	0
43	0.47	0
43.5	0.47	0
44	0.47	0

1	0.48	0
1.5	0.48	0
2	0.48	0
2.5	0.48	0
3	0.48	0
3.5	0.48	0
4	0.48	0
4.5	0.48	0
5	0.48	0
5.5	0.48	1
6	0.48	2
6.5	0.48	0
7	0.48	0
7.5	0.48	3
8	0.48	2
8.5	0.48	3
9	0.48	1
9.5	0.48	1
10	0.48	1
10.5	0.48	0
11	0.48	2
11.5	0.48	0
12	0.48	8
12.5	0.48	3
13	0.48	2
13.5	0.48	0
14	0.48	1
14.5	0.48	1
15	0.48	1
15.5	0.48	3
16	0.48	5
16.5	0.48	1
17	0.48	1
17.5	0.48	1
18	0.48	0
18.5	0.48	2
19	0.48	2
19.5	0.48	1
20	0.48	1
20.5	0.48	3
21	0.48	0
21.5	0.48	0
22	0.48	0
22.5	0.48	0
23	0.48	0
23.5	0.48	0
24	0.48	0
24.5	0.48	1
25	0.48	0
25.5	0.48	0
26	0.48	0
26.5	0.48	0
27	0.48	0
27.5	0.48	0
28	0.48	0
28.5	0.48	0
29	0.48	0
29.5	0.48	0
30	0.48	1
30.5	0.48	0
31	0.48	0
31.5	0.48	3
32	0.48	0
32.5	0.48	0
33	0.48	0
33.5	0.48	0
34	0.48	0
34.5	0.48	0
35	0.48	2
35.5	0.48	0
36	0.48	0
36.5	0.48	0
37	0.48	0
37.5	0.48	0
38	0.48	0
38.5	0.48	0
39	0.48	0
39.5	0.48	0
40	0.48	0
40.5	0.48	0
41	0.48	0
41.5	0.48	0
42	0.48	0
42.5	0.48	0
43	0.48	0
43.5	0.48	0
44	0.48	0

1	0.49	0
1.5	0.49	0
2	0.49	0
2.5	0.49	0
3	0.49	0
3.5	0.49	1
4	0.49	0
4.5	0.49	0
5	0.49	0
5.5	0.49	4
6	0.49	1
6.5	0.49	0
7	0.49	2
7.5	0.49	1
8	0.49	6
8.5	0.49	0
9	0.49	2
9.5	0.49	0
10	0.49	1
10.5	0.49	2
11	0.49	0
11.5	0.49	5
12	0.49	0
12.5	0.49	2
13	0.49	1
13.5	0.49	3
14	0.49	3
14.5	0.49	2
15	0.49	2
15.5	0.49	1
16	0.49	2
16.5	0.49	1
17	0.49	1
17.5	0.49	1
18	0.49	0
18.5	0.49	1
19	0.49	0
19.5	0.49	1
20	0.49	1
20.5	0.49	2
21	0.49	1
21.5	0.49	0
22	0.49	0
22.5	0.49	0
23	0.49	0
23.5	0.49	0
24	0.49	0
24.5	0.49	0
25	0.49	0
25.5	0.49	0
26	0.49	0
26.5	0.49	1
27	0.49	0
27.5	0.49	0
28	0.49	1
28.5	0.49	4
29	0.49	4
29.5	0.49	0
30	0.49	0
30.5	0.49	0
31	0.49	0
31.5	0.49	1
32	0.49	0
32.5	0.49	0
33	0.49	0
33.5	0.49	0
34	0.49	1
34.5	0.49	0
35	0.49	0
35.5	0.49	0
36	0.49	0
36.5	0.49	1
37	0.49	0
37.5	0.49	0
38	0.49	0
38.5	0.49	0
39	0.49	0
39.5	0.49	0
40	0.49	0
40.5	0.49	0
41	0.49	0
41.5	0.49	0
42	0.49	0
42.5	0.49	0
43	0.49	0
43.5	0.49	0
44	0.49	0

1	0.5	0
1.5	0.5	0
2	0.5	0
2.5	0.5	0
3	0.5	0
3.5	0.5	0
4	0.5	0
4.5	0.5	1
5	0.5	2
5.5	0.5	2
6	0.5	1
6.5	0.5	0
7	0.5	0
7.5	0.5	6
8	0.5	2
8.5	0.5	0
9	0.5	0
9.5	0.5	3
10	0.5	1
10.5	0.5	3
11	0.5	1
11.5	0.5	2
12	0.5	4
12.5	0.5	3
13	0.5	1
13.5	0.5	2
14	0.5	1
14.5	0.5	0
15	0.5	0
15.5	0.5	2
16	0.5	0
16.5	0.5	0
17	0.5	3
17.5	0.5	4
18	0.5	0
18.5	0.5	0
19	0.5	1
19.5	0.5	1
20	0.5	0
20.5	0.5	3
21	0.5	1
21.5	0.5	0
22	0.5	0
22.5	0.5	0
23	0.5	0
23.5	0.5	0
24	0.5	0
24.5	0.5	2
25	0.5	0
25.5	0.5	1
26	0.5	0
26.5	0.5	0
27	0.5	0
27.5	0.5	0
28	0.5	0
28.5	0.5	0
29	0.5	0
29.5	0.5	1
30	0.5	0
30.5	0.5	0
31	0.5	1
31.5	0.5	0
32	0.5	0
32.5	0.5	0
33	0.5	0
33.5	0.5	0
34	0.5	1
34.5	0.5	0
35	0.5	1
35.5	0.5	0
36	0.5	0
36.5	0.5	0
37	0.5	0
37.5	0.5	0
38	0.5	0
38.5	0.5	0
39	0.5	0
39.5	0.5	0
40	0.5	0
40.5	0.5	0
41	0.5	0
41.5	0.5	0
42	0.5	0
42.5	0.5	0
43	0.5	0
43.5	0.5	0
44	0.5	0

1	0.51	0
1.5	0.51	0
2	0.51	0
2.5	0.51	0
3	0.51	0
3.5	0.51	0
4	0.51	1
4.5	0.51	0
5	0.51	2
5.5	0.51	4
6	0.51	2
6.5	0.51	0
7	0.51	3
7.5	0.51	1
8	0.51	2
8.5	0.51	2
9	0.51	1
9.5	0.51	0
10	0.51	0
10.5	0.51	3
11	0.51	1
11.5	0.51	2
12	0.51	2
12.5	0.51	1
13	0.51	2
13.5	0.51	2
14	0.51	1
14.5	0.51	2
15	0.51	1
15.5	0.51	0
16	0.51	2
16.5	0.51	2
17	0.51	0
17.5	0.51	2
18	0.51	1
18.5	0.51	3
19	0.51	0
19.5	0.51	1
20	0.51	0
20.5	0.51	1
21	0.51	1
21.5	0.51	1
22	0.51	1
22.5	0.51	0
23	0.51	1
23.5	0.51	0
24	0.51	0
24.5	0.51	1
25	0.51	0
25.5	0.51	0
26	0.51	0
26.5	0.51	0
27	0.51	1
27.5	0.51	0
28	0.51	1
28.5	0.51	0
29	0.51	0
29.5	0.51	0
30	0.51	0
30.5	0.51	0
31	0.51	0
31.5	0.51	0
32	0.51	1
32.5	0.51	0
33	0.51	0
33.5	0.51	1
34	0.51	2
34.5	0.51	1
35	0.51	0
35.5	0.51	0
36	0.51	0
36.5	0.51	0
37	0.51	0
37.5	0.51	0
38	0.51	0
38.5	0.51	0
39	0.51	0
39.5	0.51	0
40	0.51	0
40.5	0.51	0
41	0.51	0
41.5	0.51	0
42	0.51	0
42.5	0.51	0
43	0.51	0
43.5	0.51	0
44	0.51	0

1	0.52	0
1.5	0.52	0
2	0.52	0
2.5	0.52	0
3	0.52	0
3.5	0.52	2
4	0.52	2
4.5	0.52	1
5	0.52	0
5.5	0.52	0
6	0.52	0
6.5	0.52	1
7	0.52	1
7.5	0.52	7
8	0.52	1
8.5	0.52	2
9	0.52	0
9.5	0.52	4
10	0.52	1
10.5	0.52	2
11	0.52	2
11.5	0.52	5
12	0.52	4
12.5	0.52	0
13	0.52	0
13.5	0.52	5
14	0.52	3
14.5	0.52	1
15	0.52	1
15.5	0.52	1
16	0.52	2
16.5	0.52	0
17	0.52	1
17.5	0.52	0
18	0.52	0
18.5	0.52	1
19	0.52	1
19.5	0.52	0
20	0.52	0
20.5	0.52	2
21	0.52	3
21.5	0.52	0
22	0.52	0
22.5	0.52	0
23	0.52	0
23.5	0.52	1
24	0.52	0
24.5	0.52	0
25	0.52	0
25.5	0.52	0
26	0.52	0
26.5	0.52	0
27	0.52	0
27.5	0.52	1
28	0.52	1
28.5	0.52	0
29	0.52	0
29.5	0.52	0
30	0.52	0
30.5	0.52	1
31	0.52	1
31.5	0.52	0
32	0.52	0
32.5	0.52	1
33	0.52	0
33.5	0.52	0
34	0.52	0
34.5	0.52	1
35	0.52	1
35.5	0.52	0
36	0.52	0
36.5	0.52	0
37	0.52	0
37.5	0.52	0
38	0.52	0
38.5	0.52	0
39	0.52	0
39.5	0.52	0
40	0.52	0
40.5	0.52	0
41	0.52	0
41.5	0.52	0
42	0.52	0
42.5	0.52	0
43	0.52	0
43.5	0.52	0
44	0.52	0

1	0.53	0
1.5	0.53	0
2	0.53	0
2.5	0.53	0
3	0.53	0
3.5	0.53	0
4	0.53	1
4.5	0.53	0
5	0.53	5
5.5	0.53	1
6	0.53	2
6.5	0.53	1
7	0.53	2
7.5	0.53	1
8	0.53	2
8.5	0.53	1
9	0.53	2
9.5	0.53	1
10	0.53	1
10.5	0.53	2
11	0.53	1
11.5	0.53	2
12	0.53	1
12.5	0.53	3
13	0.53	2
13.5	0.53	2
14	0.53	3
14.5	0.53	2
15	0.53	2
15.5	0.53	1
16	0.53	1
16.5	0.53	1
17	0.53	0
17.5	0.53	1
18	0.53	2
18.5	0.53	0
19	0.53	2
19.5	0.53	0
20	0.53	2
20.5	0.53	1
21	0.53	2
21.5	0.53	1
22	0.53	2
22.5	0.53	0
23	0.53	0
23.5	0.53	1
24	0.53	0
24.5	0.53	1
25	0.53	0
25.5	0.53	0
26	0.53	1
26.5	0.53	0
27	0.53	1
27.5	0.53	0
28	0.53	0
28.5	0.53	0
29	0.53	0
29.5	0.53	0
30	0.53	0
30.5	0.53	0
31	0.53	0
31.5	0.53	1
32	0.53	2
32.5	0.53	0
33	0.53	1
33.5	0.53	0
34	0.53	0
34.5	0.53	0
35	0.53	1
35.5	0.53	0
36	0.53	0
36.5	0.53	0
37	0.53	0
37.5	0.53	0
38	0.53	0
38.5	0.53	1
39	0.53	0
39.5	0.53	0
40	0.53	0
40.5	0.53	0
41	0.53	0
41.5	0.53	0
42	0.53	0
42.5	0.53	0
43	0.53	0
43.5	0.53	0
44	0.53	0

1	0.54	0
1.5	0.54	0
2	0.54	1
2.5	0.54	1
3	0.54	1
3.5	0.54	1
4	0.54	0
4.5	0.54	0
5	0.54	4
5.5	0.54	0
6	0.54	1
6.5	0.54	1
7	0.54	1
7.5	0.54	5
8	0.54	3
8.5	0.54	3
9	0.54	4
9.5	0.54	1
10	0.54	3
10.5	0.54	1
11	0.54	0
11.5	0.54	2
12	0.54	1
12.5	0.54	0
13	0.54	1
13.5	0.54	1
14	0.54	4
14.5	0.54	2
15	0.54	0
15.5	0.54	0
16	0.54	1
16.5	0.54	2
17	0.54	0
17.5	0.54	2
18	0.54	1
18.5	0.54	1
19	0.54	1
19.5	0.54	0
20	0.54	1
20.5	0.54	2
21	0.54	1
21.5	0.54	6
22	0.54	0
22.5	0.54	0
23	0.54	0
23.5	0.54	0
24	0.54	0
24.5	0.54	1
25	0.54	1
25.5	0.54	1
26	0.54	0
26.5	0.54	1
27	0.54	1
27.5	0.54	1
28	0.54	0
28.5	0.54	0
29	0.54	0
29.5	0.54	0
30	0.54	0
30.5	0.54	1
31	0.54	0
31.5	0.54	2
32	0.54	0
32.5	0.54	0
33	0.54	0
33.5	0.54	1
34	0.54	0
34.5	0.54	3
35	0.54	1
35.5	0.54	0
36	0.54	0
36.5	0.54	0
37	0.54	0
37.5	0.54	0
38	0.54	0
38.5	0.54	0
39	0.54	0
39.5	0.54	0
40	0.54	0
40.5	0.54	0
41	0.54	0
41.5	0.54	0
42	0.54	0
42.5	0.54	0
43	0.54	0
43.5	0.54	0
44	0.54	0

1	0.55	0
1.5	0.55	0
2	0.55	1
2.5	0.55	0
3	0.55	0
3.5	0.55	0
4	0.55	0
4.5	0.55	0
5	0.55	0
5.5	0.55	0
6	0.55	0
6.5	0.55	0
7	0.55	1
7.5	0.55	4
8	0.55	1
8.5	0.55	3
9	0.55	4
9.5	0.55	5
10	0.55	0
10.5	0.55	1
11	0.55	0
11.5	0.55	3
12	0.55	1
12.5	0.55	1
13	0.55	3
13.5	0.55	6
14	0.55	0
14.5	0.55	4
15	0.55	1
15.5	0.55	1
16	0.55	2
16.5	0.55	2
17	0.55	0
17.5	0.55	1
18	0.55	1
18.5	0.55	1
19	0.55	0
19.5	0.55	1
20	0.55	0
20.5	0.55	1
21	0.55	1
21.5	0.55	3
22	0.55	2
22.5	0.55	0
23	0.55	0
23.5	0.55	0
24	0.55	0
24.5	0.55	0
25	0.55	1
25.5	0.55	0
26	0.55	1
26.5	0.55	0
27	0.55	0
27.5	0.55	0
28	0.55	0
28.5	0.55	0
29	0.55	0
29.5	0.55	0
30	0.55	0
30.5	0.55	0
31	0.55	0
31.5	0.55	2
32	0.55	0
32.5	0.55	2
33	0.55	1
33.5	0.55	1
34	0.55	1
34.5	0.55	0
35	0.55	0
35.5	0.55	1
36	0.55	0
36.5	0.55	0
37	0.55	0
37.5	0.55	0
38	0.55	0
38.5	0.55	1
39	0.55	0
39.5	0.55	0
40	0.55	0
40.5	0.55	0
41	0.55	0
41.5	0.55	0
42	0.55	0
42.5	0.55	0
43	0.55	0
43.5	0.55	0
44	0.55	0

1	0.56	0
1.5	0.56	0
2	0.56	0
2.5	0.56	0
3	0.56	1
3.5	0.56	1
4	0.56	1
4.5	0.56	0
5	0.56	1
5.5	0.56	1
6	0.56	5
6.5	0.56	1
7	0.56	0
7.5	0.56	1
8	0.56	2
8.5	0.56	4
9	0.56	2
9.5	0.56	4
10	0.56	1
10.5	0.56	2
11	0.56	2
11.5	0.56	1
12	0.56	7
12.5	0.56	1
13	0.56	5
13.5	0.56	3
14	0.56	1
14.5	0.56	1
15	0.56	0
15.5	0.56	0
16	0.56	2
16.5	0.56	4
17	0.56	2
17.5	0.56	4
18	0.56	1
18.5	0.56	4
19	0.56	0
19.5	0.56	1
20	0.56	1
20.5	0.56	0
21	0.56	0
21.5	0.56	1
22	0.56	0
22.5	0.56	1
23	0.56	0
23.5	0.56	0
24	0.56	1
24.5	0.56	3
25	0.56	1
25.5	0.56	1
26	0.56	0
26.5	0.56	0
27	0.56	1
27.5	0.56	1
28	0.56	0
28.5	0.56	0
29	0.56	0
29.5	0.56	0
30	0.56	0
30.5	0.56	0
31	0.56	1
31.5	0.56	4
32	0.56	0
32.5	0.56	0
33	0.56	0
33.5	0.56	1
34	0.56	0
34.5	0.56	0
35	0.56	0
35.5	0.56	0
36	0.56	0
36.5	0.56	0
37	0.56	0
37.5	0.56	0
38	0.56	0
38.5	0.56	0
39	0.56	0
39.5	0.56	0
40	0.56	0
40.5	0.56	0
41	0.56	0
41.5	0.56	0
42	0.56	0
42.5	0.56	0
43	0.56	0
43.5	0.56	0
44	0.56	0

1	0.57	0
1.5	0.57	1
2	0.57	0
2.5	0.57	0
3	0.57	1
3.5	0.57	1
4	0.57	1
4.5	0.57	0
5	0.57	0
5.5	0.57	0
6	0.57	2
6.5	0.57	0
7	0.57	1
7.5	0.57	4
8	0.57	1
8.5	0.57	4
9	0.57	2
9.5	0.57	4
10	0.57	1
10.5	0.57	1
11	0.57	0
11.5	0.57	3
12	0.57	1
12.5	0.57	4
13	0.57	3
13.5	0.57	2
14	0.57	2
14.5	0.57	4
15	0.57	1
15.5	0.57	2
16	0.57	0
16.5	0.57	2
17	0.57	0
17.5	0.57	2
18	0.57	1
18.5	0.57	1
19	0.57	0
19.5	0.57	0
20	0.57	1
20.5	0.57	2
21	0.57	0
21.5	0.57	5
22	0.57	2
22.5	0.57	1
23	0.57	0
23.5	0.57	1
24	0.57	1
24.5	0.57	0
25	0.57	0
25.5	0.57	0
26	0.57	1
26.5	0.57	0
27	0.57	0
27.5	0.57	1
28	0.57	0
28.5	0.57	0
29	0.57	0
29.5	0.57	1
30	0.57	1
30.5	0.57	0
31	0.57	1
31.5	0.57	1
32	0.57	1
32.5	0.57	0
33	0.57	0
33.5	0.57	0
34	0.57	1
34.5	0.57	2
35	0.57	0
35.5	0.57	0
36	0.57	0
36.5	0.57	0
37	0.57	0
37.5	0.57	0
38	0.57	0
38.5	0.57	0
39	0.57	0
39.5	0.57	0
40	0.57	0
40.5	0.57	0
41	0.57	0
41.5	0.57	0
42	0.57	0
42.5	0.57	0
43	0.57	0
43.5	0.57	0
44	0.57	0

1	0.58	0
1.5	0.58	0
2	0.58	0
2.5	0.58	0
3	0.58	1
3.5	0.58	2
4	0.58	1
4.5	0.58	2
5	0.58	0
5.5	0.58	0
6	0.58	0
6.5	0.58	1
7	0.58	0
7.5	0.58	0
8	0.58	0
8.5	0.58	6
9	0.58	1
9.5	0.58	3
10	0.58	2
10.5	0.58	2
11	0.58	2
11.5	0.58	1
12	0.58	1
12.5	0.58	5
13	0.58	5
13.5	0.58	3
14	0.58	2
14.5	0.58	2
15	0.58	0
15.5	0.58	1
16	0.58	1
16.5	0.58	2
17	0.58	3
17.5	0.58	2
18	0.58	3
18.5	0.58	4
19	0.58	0
19.5	0.58	0
20	0.58	0
20.5	0.58	0
21	0.58	0
21.5	0.58	3
22	0.58	0
22.5	0.58	2
23	0.58	0
23.5	0.58	0
24	0.58	0
24.5	0.58	0
25	0.58	2
25.5	0.58	0
26	0.58	0
26.5	0.58	0
27	0.58	1
27.5	0.58	0
28	0.58	0
28.5	0.58	0
29	0.58	0
29.5	0.58	0
30	0.58	0
30.5	0.58	0
31	0.58	0
31.5	0.58	4
32	0.58	2
32.5	0.58	0
33	0.58	1
33.5	0.58	0
34	0.58	0
34.5	0.58	3
35	0.58	1
35.5	0.58	0
36	0.58	1
36.5	0.58	0
37	0.58	0
37.5	0.58	0
38	0.58	0
38.5	0.58	1
39	0.58	0
39.5	0.58	0
40	0.58	0
40.5	0.58	0
41	0.58	0
41.5	0.58	0
42	0.58	0
42.5	0.58	0
43	0.58	0
43.5	0.58	0
44	0.58	0

1	0.59	0
1.5	0.59	2
2	0.59	2
2.5	0.59	0
3	0.59	1
3.5	0.59	0
4	0.59	1
4.5	0.59	0
5	0.59	0
5.5	0.59	2
6	0.59	2
6.5	0.59	0
7	0.59	0
7.5	0.59	2
8	0.59	4
8.5	0.59	2
9	0.59	1
9.5	0.59	1
10	0.59	1
10.5	0.59	2
11	0.59	1
11.5	0.59	2
12	0.59	3
12.5	0.59	2
13	0.59	2
13.5	0.59	1
14	0.59	6
14.5	0.59	5
15	0.59	0
15.5	0.59	0
16	0.59	0
16.5	0.59	2
17	0.59	3
17.5	0.59	4
18	0.59	1
18.5	0.59	2
19	0.59	0
19.5	0.59	0
20	0.59	0
20.5	0.59	0
21	0.59	0
21.5	0.59	1
22	0.59	0
22.5	0.59	0
23	0.59	0
23.5	0.59	0
24	0.59	1
24.5	0.59	1
25	0.59	1
25.5	0.59	1
26	0.59	0
26.5	0.59	1
27	0.59	0
27.5	0.59	0
28	0.59	0
28.5	0.59	0
29	0.59	0
29.5	0.59	0
30	0.59	0
30.5	0.59	0
31	0.59	1
31.5	0.59	0
32	0.59	0
32.5	0.59	0
33	0.59	0
33.5	0.59	0
34	0.59	0
34.5	0.59	1
35	0.59	0
35.5	0.59	0
36	0.59	0
36.5	0.59	0
37	0.59	0
37.5	0.59	0
38	0.59	0
38.5	0.59	0
39	0.59	0
39.5	0.59	0
40	0.59	0
40.5	0.59	0
41	0.59	0
41.5	0.59	0
42	0.59	0
42.5	0.59	0
43	0.59	0
43.5	0.59	0
44	0.59	0

1	0.6	0
1.5	0.6	4
2	0.6	0
2.5	0.6	0
3	0.6	1
3.5	0.6	1
4	0.6	4
4.5	0.6	0
5	0.6	4
5.5	0.6	0
6	0.6	1
6.5	0.6	0
7	0.6	0
7.5	0.6	1
8	0.6	1
8.5	0.6	2
9	0.6	1
9.5	0.6	4
10	0.6	1
10.5	0.6	2
11	0.6	4
11.5	0.6	2
12	0.6	0
12.5	0.6	5
13	0.6	2
13.5	0.6	1
14	0.6	5
14.5	0.6	3
15	0.6	1
15.5	0.6	0
16	0.6	2
16.5	0.6	4
17	0.6	4
17.5	0.6	0
18	0.6	2
18.5	0.6	4
19	0.6	0
19.5	0.6	0
20	0.6	0
20.5	0.6	0
21	0.6	2
21.5	0.6	2
22	0.6	2
22.5	0.6	1
23	0.6	0
23.5	0.6	0
24	0.6	0
24.5	0.6	0
25	0.6	0
25.5	0.6	0
26	0.6	2
26.5	0.6	2
27	0.6	0
27.5	0.6	0
28	0.6	1
28.5	0.6	0
29	0.6	0
29.5	0.6	0
30	0.6	0
30.5	0.6	0
31	0.6	2
31.5	0.6	2
32	0.6	2
32.5	0.6	1
33	0.6	0
33.5	0.6	0
34	0.6	0
34.5	0.6	0
35	0.6	0
35.5	0.6	0
36	0.6	0
36.5	0.6	1
37	0.6	0
37.5	0.6	0
38	0.6	0
38.5	0.6	0
39	0.6	0
39.5	0.6	0
40	0.6	0
40.5	0.6	0
41	0.6	0
41.5	0.6	0
42	0.6	0
42.5	0.6	0
43	0.6	0
43.5	0.6	0
44	0.6	0

1	0.61	0
1.5	0.61	0
2	0.61	0
2.5	0.61	0
3	0.61	1
3.5	0.61	0
4	0.61	4
4.5	0.61	1
5	0.61	0
5.5	0.61	1
6	0.61	1
6.5	0.61	0
7	0.61	2
7.5	0.61	2
8	0.61	2
8.5	0.61	1
9	0.61	5
9.5	0.61	2
10	0.61	3
10.5	0.61	3
11	0.61	3
11.5	0.61	4
12	0.61	2
12.5	0.61	3
13	0.61	4
13.5	0.61	1
14	0.61	3
14.5	0.61	1
15	0.61	4
15.5	0.61	2
16	0.61	4
16.5	0.61	2
17	0.61	2
17.5	0.61	3
18	0.61	3
18.5	0.61	0
19	0.61	2
19.5	0.61	0
20	0.61	1
20.5	0.61	2
21	0.61	0
21.5	0.61	2
22	0.61	0
22.5	0.61	2
23	0.61	0
23.5	0.61	0
24	0.61	0
24.5	0.61	1
25	0.61	0
25.5	0.61	1
26	0.61	1
26.5	0.61	0
27	0.61	0
27.5	0.61	0
28	0.61	1
28.5	0.61	0
29	0.61	0
29.5	0.61	0
30	0.61	0
30.5	0.61	0
31	0.61	0
31.5	0.61	0
32	0.61	0
32.5	0.61	0
33	0.61	1
33.5	0.61	0
34	0.61	0
34.5	0.61	2
35	0.61	0
35.5	0.61	0
36	0.61	0
36.5	0.61	0
37	0.61	0
37.5	0.61	0
38	0.61	0
38.5	0.61	1
39	0.61	0
39.5	0.61	0
40	0.61	0
40.5	0.61	0
41	0.61	0
41.5	0.61	0
42	0.61	0
42.5	0.61	0
43	0.61	0
43.5	0.61	0
44	0.61	0

1	0.62	0
1.5	0.62	0
2	0.62	1
2.5	0.62	1
3	0.62	2
3.5	0.62	1
4	0.62	3
4.5	0.62	0
5	0.62	2
5.5	0.62	1
6	0.62	0
6.5	0.62	1
7	0.62	0
7.5	0.62	6
8	0.62	3
8.5	0.62	1
9	0.62	4
9.5	0.62	4
10	0.62	4
10.5	0.62	1
11	0.62	3
11.5	0.62	2
12	0.62	2
12.5	0.62	5
13	0.62	8
13.5	0.62	1
14	0.62	3
14.5	0.62	3
15	0.62	1
15.5	0.62	2
16	0.62	5
16.5	0.62	3
17	0.62	4
17.5	0.62	3
18	0.62	5
18.5	0.62	4
19	0.62	0
19.5	0.62	1
20	0.62	1
20.5	0.62	0
21	0.62	2
21.5	0.62	2
22	0.62	1
22.5	0.62	0
23	0.62	3
23.5	0.62	0
24	0.62	0
24.5	0.62	1
25	0.62	0
25.5	0.62	1
26	0.62	0
26.5	0.62	0
27	0.62	0
27.5	0.62	0
28	0.62	0
28.5	0.62	0
29	0.62	0
29.5	0.62	0
30	0.62	0
30.5	0.62	0
31	0.62	0
31.5	0.62	0
32	0.62	1
32.5	0.62	0
33	0.62	0
33.5	0.62	0
34	0.62	1
34.5	0.62	0
35	0.62	1
35.5	0.62	0
36	0.62	0
36.5	0.62	1
37	0.62	0
37.5	0.62	0
38	0.62	0
38.5	0.62	0
39	0.62	0
39.5	0.62	0
40	0.62	0
40.5	0.62	0
41	0.62	0
41.5	0.62	0
42	0.62	0
42.5	0.62	0
43	0.62	0
43.5	0.62	0
44	0.62	0

1	0.63	0
1.5	0.63	0
2	0.63	1
2.5	0.63	2
3	0.63	0
3.5	0.63	1
4	0.63	1
4.5	0.63	0
5	0.63	1
5.5	0.63	0
6	0.63	0
6.5	0.63	0
7	0.63	1
7.5	0.63	2
8	0.63	0
8.5	0.63	4
9	0.63	5
9.5	0.63	2
10	0.63	5
10.5	0.63	1
11	0.63	5
11.5	0.63	3
12	0.63	2
12.5	0.63	6
13	0.63	7
13.5	0.63	4
14	0.63	5
14.5	0.63	7
15	0.63	3
15.5	0.63	0
16	0.63	7
16.5	0.63	3
17	0.63	2
17.5	0.63	5
18	0.63	3
18.5	0.63	1
19	0.63	2
19.5	0.63	1
20	0.63	2
20.5	0.63	1
21	0.63	2
21.5	0.63	1
22	0.63	1
22.5	0.63	1
23	0.63	1
23.5	0.63	0
24	0.63	0
24.5	0.63	2
25	0.63	1
25.5	0.63	0
26	0.63	1
26.5	0.63	0
27	0.63	0
27.5	0.63	0
28	0.63	0
28.5	0.63	0
29	0.63	0
29.5	0.63	0
30	0.63	1
30.5	0.63	0
31	0.63	1
31.5	0.63	1
32	0.63	0
32.5	0.63	0
33	0.63	0
33.5	0.63	0
34	0.63	0
34.5	0.63	0
35	0.63	0
35.5	0.63	0
36	0.63	0
36.5	0.63	0
37	0.63	0
37.5	0.63	0
38	0.63	0
38.5	0.63	1
39	0.63	0
39.5	0.63	0
40	0.63	0
40.5	0.63	0
41	0.63	0
41.5	0.63	0
42	0.63	0
42.5	0.63	0
43	0.63	0
43.5	0.63	0
44	0.63	0

1	0.64	0
1.5	0.64	1
2	0.64	1
2.5	0.64	4
3	0.64	0
3.5	0.64	1
4	0.64	4
4.5	0.64	0
5	0.64	0
5.5	0.64	2
6	0.64	1
6.5	0.64	0
7	0.64	0
7.5	0.64	4
8	0.64	4
8.5	0.64	7
9	0.64	2
9.5	0.64	3
10	0.64	4
10.5	0.64	9
11	0.64	5
11.5	0.64	6
12	0.64	8
12.5	0.64	8
13	0.64	6
13.5	0.64	1
14	0.64	2
14.5	0.64	2
15	0.64	4
15.5	0.64	2
16	0.64	5
16.5	0.64	2
17	0.64	1
17.5	0.64	2
18	0.64	3
18.5	0.64	5
19	0.64	1
19.5	0.64	1
20	0.64	0
20.5	0.64	3
21	0.64	1
21.5	0.64	2
22	0.64	1
22.5	0.64	0
23	0.64	1
23.5	0.64	0
24	0.64	1
24.5	0.64	1
25	0.64	0
25.5	0.64	2
26	0.64	0
26.5	0.64	0
27	0.64	0
27.5	0.64	0
28	0.64	0
28.5	0.64	1
29	0.64	0
29.5	0.64	2
30	0.64	4
30.5	0.64	2
31	0.64	0
31.5	0.64	1
32	0.64	0
32.5	0.64	0
33	0.64	1
33.5	0.64	0
34	0.64	0
34.5	0.64	0
35	0.64	0
35.5	0.64	0
36	0.64	0
36.5	0.64	0
37	0.64	0
37.5	0.64	0
38	0.64	0
38.5	0.64	0
39	0.64	0
39.5	0.64	0
40	0.64	0
40.5	0.64	0
41	0.64	0
41.5	0.64	0
42	0.64	0
42.5	0.64	0
43	0.64	0
43.5	0.64	0
44	0.64	0

1	0.65	0
1.5	0.65	0
2	0.65	2
2.5	0.65	3
3	0.65	1
3.5	0.65	1
4	0.65	0
4.5	0.65	1
5	0.65	3
5.5	0.65	1
6	0.65	0
6.5	0.65	0
7	0.65	0
7.5	0.65	0
8	0.65	1
8.5	0.65	6
9	0.65	4
9.5	0.65	8
10	0.65	13
10.5	0.65	5
11	0.65	3
11.5	0.65	4
12	0.65	5
12.5	0.65	4
13	0.65	8
13.5	0.65	2
14	0.65	5
14.5	0.65	0
15	0.65	2
15.5	0.65	2
16	0.65	2
16.5	0.65	1
17	0.65	2
17.5	0.65	3
18	0.65	4
18.5	0.65	1
19	0.65	1
19.5	0.65	1
20	0.65	0
20.5	0.65	1
21	0.65	0
21.5	0.65	0
22	0.65	2
22.5	0.65	0
23	0.65	0
23.5	0.65	0
24	0.65	0
24.5	0.65	0
25	0.65	1
25.5	0.65	0
26	0.65	0
26.5	0.65	1
27	0.65	1
27.5	0.65	0
28	0.65	0
28.5	0.65	1
29	0.65	1
29.5	0.65	0
30	0.65	0
30.5	0.65	0
31	0.65	0
31.5	0.65	1
32	0.65	1
32.5	0.65	0
33	0.65	0
33.5	0.65	0
34	0.65	0
34.5	0.65	0
35	0.65	0
35.5	0.65	0
36	0.65	0
36.5	0.65	0
37	0.65	1
37.5	0.65	0
38	0.65	0
38.5	0.65	0
39	0.65	0
39.5	0.65	0
40	0.65	0
40.5	0.65	0
41	0.65	0
41.5	0.65	0
42	0.65	0
42.5	0.65	0
43	0.65	0
43.5	0.65	0
44	0.65	0

1	0.66	0
1.5	0.66	0
2	0.66	3
2.5	0.66	0
3	0.66	2
3.5	0.66	4
4	0.66	1
4.5	0.66	1
5	0.66	1
5.5	0.66	2
6	0.66	0
6.5	0.66	1
7	0.66	1
7.5	0.66	8
8	0.66	4
8.5	0.66	3
9	0.66	5
9.5	0.66	5
10	0.66	10
10.5	0.66	7
11	0.66	5
11.5	0.66	2
12	0.66	5
12.5	0.66	5
13	0.66	6
13.5	0.66	4
14	0.66	3
14.5	0.66	3
15	0.66	4
15.5	0.66	3
16	0.66	5
16.5	0.66	1
17	0.66	6
17.5	0.66	8
18	0.66	2
18.5	0.66	4
19	0.66	2
19.5	0.66	6
20	0.66	2
20.5	0.66	1
21	0.66	1
21.5	0.66	1
22	0.66	0
22.5	0.66	0
23	0.66	0
23.5	0.66	1
24	0.66	0
24.5	0.66	0
25	0.66	0
25.5	0.66	1
26	0.66	0
26.5	0.66	0
27	0.66	1
27.5	0.66	0
28	0.66	0
28.5	0.66	0
29	0.66	1
29.5	0.66	0
30	0.66	0
30.5	0.66	0
31	0.66	0
31.5	0.66	0
32	0.66	1
32.5	0.66	1
33	0.66	1
33.5	0.66	0
34	0.66	0
34.5	0.66	0
35	0.66	0
35.5	0.66	0
36	0.66	0
36.5	0.66	0
37	0.66	0
37.5	0.66	0
38	0.66	0
38.5	0.66	0
39	0.66	0
39.5	0.66	0
40	0.66	0
40.5	0.66	0
41	0.66	0
41.5	0.66	0
42	0.66	0
42.5	0.66	0
43	0.66	0
43.5	0.66	0
44	0.66	0

1	0.67	0
1.5	0.67	0
2	0.67	0
2.5	0.67	0
3	0.67	2
3.5	0.67	1
4	0.67	0
4.5	0.67	1
5	0.67	0
5.5	0.67	0
6	0.67	1
6.5	0.67	2
7	0.67	0
7.5	0.67	3
8	0.67	4
8.5	0.67	6
9	0.67	7
9.5	0.67	7
10	0.67	5
10.5	0.67	4
11	0.67	3
11.5	0.67	2
12	0.67	7
12.5	0.67	5
13	0.67	9
13.5	0.67	7
14	0.67	7
14.5	0.67	3
15	0.67	4
15.5	0.67	1
16	0.67	2
16.5	0.67	2
17	0.67	3
17.5	0.67	4
18	0.67	3
18.5	0.67	0
19	0.67	0
19.5	0.67	2
20	0.67	0
20.5	0.67	3
21	0.67	3
21.5	0.67	7
22	0.67	1
22.5	0.67	1
23	0.67	0
23.5	0.67	1
24	0.67	0
24.5	0.67	0
25	0.67	0
25.5	0.67	0
26	0.67	0
26.5	0.67	0
27	0.67	0
27.5	0.67	0
28	0.67	0
28.5	0.67	0
29	0.67	0
29.5	0.67	0
30	0.67	0
30.5	0.67	0
31	0.67	3
31.5	0.67	2
32	0.67	0
32.5	0.67	1
33	0.67	0
33.5	0.67	0
34	0.67	0
34.5	0.67	0
35	0.67	0
35.5	0.67	0
36	0.67	0
36.5	0.67	0
37	0.67	0
37.5	0.67	0
38	0.67	0
38.5	0.67	0
39	0.67	0
39.5	0.67	0
40	0.67	0
40.5	0.67	0
41	0.67	0
41.5	0.67	0
42	0.67	0
42.5	0.67	0
43	0.67	0
43.5	0.67	0
44	0.67	0

1	0.68	0
1.5	0.68	0
2	0.68	0
2.5	0.68	0
3	0.68	2
3.5	0.68	0
4	0.68	2
4.5	0.68	1
5	0.68	0
5.5	0.68	1
6	0.68	1
6.5	0.68	3
7	0.68	1
7.5	0.68	10
8	0.68	8
8.5	0.68	6
9	0.68	2
9.5	0.68	6
10	0.68	3
10.5	0.68	5
11	0.68	2
11.5	0.68	2
12	0.68	12
12.5	0.68	6
13	0.68	19
13.5	0.68	5
14	0.68	6
14.5	0.68	6
15	0.68	6
15.5	0.68	4
16	0.68	4
16.5	0.68	1
17	0.68	5
17.5	0.68	6
18	0.68	2
18.5	0.68	3
19	0.68	1
19.5	0.68	0
20	0.68	0
20.5	0.68	2
21	0.68	3
21.5	0.68	1
22	0.68	1
22.5	0.68	1
23	0.68	0
23.5	0.68	0
24	0.68	1
24.5	0.68	0
25	0.68	0
25.5	0.68	0
26	0.68	0
26.5	0.68	0
27	0.68	0
27.5	0.68	0
28	0.68	2
28.5	0.68	0
29	0.68	0
29.5	0.68	0
30	0.68	0
30.5	0.68	0
31	0.68	0
31.5	0.68	0
32	0.68	1
32.5	0.68	1
33	0.68	0
33.5	0.68	1
34	0.68	0
34.5	0.68	0
35	0.68	2
35.5	0.68	0
36	0.68	0
36.5	0.68	0
37	0.68	0
37.5	0.68	1
38	0.68	0
38.5	0.68	1
39	0.68	0
39.5	0.68	0
40	0.68	0
40.5	0.68	0
41	0.68	0
41.5	0.68	0
42	0.68	0
42.5	0.68	0
43	0.68	0
43.5	0.68	0
44	0.68	0

1	0.69	0
1.5	0.69	0
2	0.69	1
2.5	0.69	0
3	0.69	1
3.5	0.69	0
4	0.69	2
4.5	0.69	0
5	0.69	0
5.5	0.69	2
6	0.69	3
6.5	0.69	3
7	0.69	0
7.5	0.69	5
8	0.69	4
8.5	0.69	7
9	0.69	3
9.5	0.69	5
10	0.69	6
10.5	0.69	5
11	0.69	4
11.5	0.69	4
12	0.69	14
12.5	0.69	9
13	0.69	16
13.5	0.69	3
14	0.69	4
14.5	0.69	2
15	0.69	5
15.5	0.69	3
16	0.69	1
16.5	0.69	1
17	0.69	3
17.5	0.69	4
18	0.69	2
18.5	0.69	4
19	0.69	4
19.5	0.69	1
20	0.69	1
20.5	0.69	2
21	0.69	1
21.5	0.69	1
22	0.69	0
22.5	0.69	0
23	0.69	0
23.5	0.69	0
24	0.69	0
24.5	0.69	0
25	0.69	0
25.5	0.69	0
26	0.69	0
26.5	0.69	0
27	0.69	0
27.5	0.69	2
28	0.69	0
28.5	0.69	1
29	0.69	0
29.5	0.69	1
30	0.69	0
30.5	0.69	0
31	0.69	0
31.5	0.69	0
32	0.69	0
32.5	0.69	3
33	0.69	2
33.5	0.69	2
34	0.69	0
34.5	0.69	0
35	0.69	0
35.5	0.69	0
36	0.69	0
36.5	0.69	1
37	0.69	0
37.5	0.69	0
38	0.69	0
38.5	0.69	0
39	0.69	0
39.5	0.69	0
40	0.69	0
40.5	0.69	0
41	0.69	0
41.5	0.69	0
42	0.69	0
42.5	0.69	0
43	0.69	0
43.5	0.69	0
44	0.69	0

1	0.7	0
1.5	0.7	1
2	0.7	0
2.5	0.7	0
3	0.7	3
3.5	0.7	2
4	0.7	2
4.5	0.7	1
5	0.7	1
5.5	0.7	3
6	0.7	1
6.5	0.7	1
7	0.7	5
7.5	0.7	6
8	0.7	4
8.5	0.7	1
9	0.7	7
9.5	0.7	3
10	0.7	8
10.5	0.7	4
11	0.7	4
11.5	0.7	6
12	0.7	10
12.5	0.7	9
13	0.7	7
13.5	0.7	2
14	0.7	9
14.5	0.7	7
15	0.7	12
15.5	0.7	4
16	0.7	2
16.5	0.7	7
17	0.7	3
17.5	0.7	6
18	0.7	3
18.5	0.7	3
19	0.7	1
19.5	0.7	2
20	0.7	0
20.5	0.7	2
21	0.7	5
21.5	0.7	5
22	0.7	1
22.5	0.7	0
23	0.7	0
23.5	0.7	0
24	0.7	0
24.5	0.7	0
25	0.7	0
25.5	0.7	0
26	0.7	0
26.5	0.7	0
27	0.7	0
27.5	0.7	0
28	0.7	0
28.5	0.7	0
29	0.7	0
29.5	0.7	0
30	0.7	0
30.5	0.7	1
31	0.7	1
31.5	0.7	0
32	0.7	0
32.5	0.7	0
33	0.7	0
33.5	0.7	2
34	0.7	1
34.5	0.7	0
35	0.7	0
35.5	0.7	0
36	0.7	0
36.5	0.7	0
37	0.7	0
37.5	0.7	1
38	0.7	0
38.5	0.7	0
39	0.7	0
39.5	0.7	0
40	0.7	0
40.5	0.7	1
41	0.7	0
41.5	0.7	0
42	0.7	0
42.5	0.7	0
43	0.7	0
43.5	0.7	0
44	0.7	0

1	0.71	0
1.5	0.71	0
2	0.71	6
2.5	0.71	8
3	0.71	8
3.5	0.71	14
4	0.71	4
4.5	0.71	10
5	0.71	1
5.5	0.71	1
6	0.71	2
6.5	0.71	6
7	0.71	5
7.5	0.71	10
8	0.71	3
8.5	0.71	5
9	0.71	2
9.5	0.71	14
10	0.71	37
10.5	0.71	19
11	0.71	23
11.5	0.71	23
12	0.71	21
12.5	0.71	6
13	0.71	9
13.5	0.71	9
14	0.71	10
14.5	0.71	6
15	0.71	4
15.5	0.71	11
16	0.71	3
16.5	0.71	6
17	0.71	4
17.5	0.71	3
18	0.71	6
18.5	0.71	5
19	0.71	1
19.5	0.71	1
20	0.71	1
20.5	0.71	4
21	0.71	5
21.5	0.71	3
22	0.71	1
22.5	0.71	0
23	0.71	2
23.5	0.71	2
24	0.71	0
24.5	0.71	0
25	0.71	1
25.5	0.71	1
26	0.71	0
26.5	0.71	0
27	0.71	0
27.5	0.71	0
28	0.71	1
28.5	0.71	0
29	0.71	1
29.5	0.71	0
30	0.71	0
30.5	0.71	0
31	0.71	2
31.5	0.71	3
32	0.71	4
32.5	0.71	0
33	0.71	0
33.5	0.71	0
34	0.71	0
34.5	0.71	1
35	0.71	1
35.5	0.71	0
36	0.71	0
36.5	0.71	0
37	0.71	0
37.5	0.71	0
38	0.71	0
38.5	0.71	0
39	0.71	0
39.5	0.71	0
40	0.71	0
40.5	0.71	1
41	0.71	1
41.5	0.71	0
42	0.71	0
42.5	0.71	0
43	0.71	0
43.5	0.71	0
44	0.71	0

1	0.72	0
1.5	0.72	0
2	0.72	1
2.5	0.72	1
3	0.72	1
3.5	0.72	2
4	0.72	0
4.5	0.72	1
5	0.72	0
5.5	0.72	1
6	0.72	1
6.5	0.72	4
7	0.72	4
7.5	0.72	7
8	0.72	8
8.5	0.72	3
9	0.72	6
9.5	0.72	3
10	0.72	12
10.5	0.72	4
11	0.72	8
11.5	0.72	13
12	0.72	13
12.5	0.72	12
13	0.72	15
13.5	0.72	15
14	0.72	8
14.5	0.72	5
15	0.72	9
15.5	0.72	4
16	0.72	5
16.5	0.72	5
17	0.72	5
17.5	0.72	7
18	0.72	3
18.5	0.72	0
19	0.72	4
19.5	0.72	1
20	0.72	2
20.5	0.72	2
21	0.72	5
21.5	0.72	4
22	0.72	2
22.5	0.72	1
23	0.72	0
23.5	0.72	0
24	0.72	0
24.5	0.72	0
25	0.72	0
25.5	0.72	0
26	0.72	2
26.5	0.72	1
27	0.72	1
27.5	0.72	2
28	0.72	1
28.5	0.72	2
29	0.72	2
29.5	0.72	7
30	0.72	1
30.5	0.72	0
31	0.72	0
31.5	0.72	0
32	0.72	0
32.5	0.72	0
33	0.72	0
33.5	0.72	2
34	0.72	0
34.5	0.72	1
35	0.72	0
35.5	0.72	0
36	0.72	0
36.5	0.72	0
37	0.72	0
37.5	0.72	0
38	0.72	1
38.5	0.72	1
39	0.72	0
39.5	0.72	0
40	0.72	0
40.5	0.72	0
41	0.72	1
41.5	0.72	0
42	0.72	0
42.5	0.72	0
43	0.72	0
43.5	0.72	0
44	0.72	0

1	0.73	0
1.5	0.73	0
2	0.73	2
2.5	0.73	2
3	0.73	3
3.5	0.73	2
4	0.73	0
4.5	0.73	2
5	0.73	1
5.5	0.73	0
6	0.73	1
6.5	0.73	3
7	0.73	5
7.5	0.73	8
8	0.73	4
8.5	0.73	5
9	0.73	9
9.5	0.73	13
10	0.73	8
10.5	0.73	7
11	0.73	15
11.5	0.73	18
12	0.73	8
12.5	0.73	11
13	0.73	8
13.5	0.73	13
14	0.73	12
14.5	0.73	5
15	0.73	12
15.5	0.73	5
16	0.73	5
16.5	0.73	4
17	0.73	1
17.5	0.73	6
18	0.73	3
18.5	0.73	5
19	0.73	4
19.5	0.73	3
20	0.73	2
20.5	0.73	3
21	0.73	3
21.5	0.73	4
22	0.73	5
22.5	0.73	3
23	0.73	0
23.5	0.73	0
24	0.73	1
24.5	0.73	0
25	0.73	0
25.5	0.73	0
26	0.73	0
26.5	0.73	0
27	0.73	0
27.5	0.73	0
28	0.73	1
28.5	0.73	0
29	0.73	0
29.5	0.73	1
30	0.73	1
30.5	0.73	0
31	0.73	1
31.5	0.73	0
32	0.73	1
32.5	0.73	0
33	0.73	0
33.5	0.73	0
34	0.73	1
34.5	0.73	0
35	0.73	1
35.5	0.73	0
36	0.73	0
36.5	0.73	0
37	0.73	0
37.5	0.73	0
38	0.73	0
38.5	0.73	0
39	0.73	0
39.5	0.73	0
40	0.73	1
40.5	0.73	0
41	0.73	0
41.5	0.73	1
42	0.73	0
42.5	0.73	0
43	0.73	0
43.5	0.73	0
44	0.73	0

1	0.74	0
1.5	0.74	0
2	0.74	1
2.5	0.74	0
3	0.74	0
3.5	0.74	3
4	0.74	0
4.5	0.74	1
5	0.74	5
5.5	0.74	7
6	0.74	4
6.5	0.74	3
7	0.74	7
7.5	0.74	7
8	0.74	10
8.5	0.74	0
9	0.74	6
9.5	0.74	7
10	0.74	11
10.5	0.74	1
11	0.74	7
11.5	0.74	8
12	0.74	10
12.5	0.74	11
13	0.74	6
13.5	0.74	12
14	0.74	7
14.5	0.74	8
15	0.74	5
15.5	0.74	3
16	0.74	1
16.5	0.74	8
17	0.74	8
17.5	0.74	4
18	0.74	6
18.5	0.74	3
19	0.74	0
19.5	0.74	5
20	0.74	0
20.5	0.74	4
21	0.74	2
21.5	0.74	2
22	0.74	2
22.5	0.74	0
23	0.74	0
23.5	0.74	0
24	0.74	1
24.5	0.74	1
25	0.74	0
25.5	0.74	1
26	0.74	0
26.5	0.74	0
27	0.74	0
27.5	0.74	0
28	0.74	0
28.5	0.74	0
29	0.74	0
29.5	0.74	1
30	0.74	0
30.5	0.74	0
31	0.74	0
31.5	0.74	0
32	0.74	0
32.5	0.74	3
33	0.74	0
33.5	0.74	2
34	0.74	1
34.5	0.74	0
35	0.74	3
35.5	0.74	1
36	0.74	0
36.5	0.74	0
37	0.74	0
37.5	0.74	0
38	0.74	1
38.5	0.74	0
39	0.74	0
39.5	0.74	0
40	0.74	0
40.5	0.74	0
41	0.74	0
41.5	0.74	0
42	0.74	0
42.5	0.74	0
43	0.74	0
43.5	0.74	0
44	0.74	0

1	0.75	0
1.5	0.75	1
2	0.75	0
2.5	0.75	0
3	0.75	2
3.5	0.75	2
4	0.75	1
4.5	0.75	1
5	0.75	3
5.5	0.75	3
6	0.75	1
6.5	0.75	5
7	0.75	3
7.5	0.75	9
8	0.75	4
8.5	0.75	8
9	0.75	3
9.5	0.75	5
10	0.75	10
10.5	0.75	6
11	0.75	12
11.5	0.75	6
12	0.75	10
12.5	0.75	7
13	0.75	14
13.5	0.75	10
14	0.75	8
14.5	0.75	14
15	0.75	16
15.5	0.75	3
16	0.75	5
16.5	0.75	9
17	0.75	7
17.5	0.75	6
18	0.75	6
18.5	0.75	5
19	0.75	1
19.5	0.75	2
20	0.75	2
20.5	0.75	1
21	0.75	2
21.5	0.75	2
22	0.75	3
22.5	0.75	1
23	0.75	1
23.5	0.75	3
24	0.75	0
24.5	0.75	0
25	0.75	1
25.5	0.75	1
26	0.75	0
26.5	0.75	0
27	0.75	0
27.5	0.75	0
28	0.75	0
28.5	0.75	0
29	0.75	0
29.5	0.75	3
30	0.75	2
30.5	0.75	0
31	0.75	0
31.5	0.75	0
32	0.75	0
32.5	0.75	1
33	0.75	1
33.5	0.75	0
34	0.75	0
34.5	0.75	0
35	0.75	0
35.5	0.75	2
36	0.75	0
36.5	0.75	0
37	0.75	0
37.5	0.75	0
38	0.75	2
38.5	0.75	0
39	0.75	0
39.5	0.75	0
40	0.75	0
40.5	0.75	0
41	0.75	0
41.5	0.75	0
42	0.75	0
42.5	0.75	0
43	0.75	0
43.5	0.75	0
44	0.75	0

1	0.76	0
1.5	0.76	0
2	0.76	0
2.5	0.76	1
3	0.76	4
3.5	0.76	3
4	0.76	2
4.5	0.76	2
5	0.76	3
5.5	0.76	5
6	0.76	4
6.5	0.76	7
7	0.76	11
7.5	0.76	5
8	0.76	8
8.5	0.76	5
9	0.76	3
9.5	0.76	5
10	0.76	6
10.5	0.76	3
11	0.76	5
11.5	0.76	22
12	0.76	10
12.5	0.76	8
13	0.76	7
13.5	0.76	14
14	0.76	17
14.5	0.76	14
15	0.76	16
15.5	0.76	6
16	0.76	2
16.5	0.76	6
17	0.76	6
17.5	0.76	5
18	0.76	4
18.5	0.76	2
19	0.76	3
19.5	0.76	1
20	0.76	8
20.5	0.76	2
21	0.76	2
21.5	0.76	1
22	0.76	1
22.5	0.76	0
23	0.76	1
23.5	0.76	0
24	0.76	0
24.5	0.76	1
25	0.76	1
25.5	0.76	0
26	0.76	1
26.5	0.76	0
27	0.76	2
27.5	0.76	2
28	0.76	1
28.5	0.76	0
29	0.76	1
29.5	0.76	0
30	0.76	0
30.5	0.76	0
31	0.76	0
31.5	0.76	2
32	0.76	0
32.5	0.76	0
33	0.76	0
33.5	0.76	0
34	0.76	1
34.5	0.76	0
35	0.76	2
35.5	0.76	0
36	0.76	1
36.5	0.76	0
37	0.76	0
37.5	0.76	0
38	0.76	1
38.5	0.76	1
39	0.76	0
39.5	0.76	0
40	0.76	0
40.5	0.76	0
41	0.76	0
41.5	0.76	1
42	0.76	0
42.5	0.76	0
43	0.76	0
43.5	0.76	0
44	0.76	0

1	0.77	0
1.5	0.77	0
2	0.77	0
2.5	0.77	3
3	0.77	1
3.5	0.77	3
4	0.77	3
4.5	0.77	0
5	0.77	2
5.5	0.77	2
6	0.77	4
6.5	0.77	7
7	0.77	12
7.5	0.77	21
8	0.77	6
8.5	0.77	8
9	0.77	4
9.5	0.77	5
10	0.77	7
10.5	0.77	11
11	0.77	6
11.5	0.77	13
12	0.77	16
12.5	0.77	12
13	0.77	9
13.5	0.77	17
14	0.77	9
14.5	0.77	11
15	0.77	19
15.5	0.77	8
16	0.77	3
16.5	0.77	6
17	0.77	6
17.5	0.77	5
18	0.77	5
18.5	0.77	4
19	0.77	6
19.5	0.77	2
20	0.77	7
20.5	0.77	3
21	0.77	5
21.5	0.77	1
22	0.77	0
22.5	0.77	1
23	0.77	1
23.5	0.77	1
24	0.77	0
24.5	0.77	0
25	0.77	2
25.5	0.77	0
26	0.77	1
26.5	0.77	2
27	0.77	0
27.5	0.77	0
28	0.77	0
28.5	0.77	1
29	0.77	0
29.5	0.77	0
30	0.77	2
30.5	0.77	2
31	0.77	0
31.5	0.77	0
32	0.77	0
32.5	0.77	0
33	0.77	0
33.5	0.77	0
34	0.77	0
34.5	0.77	0
35	0.77	1
35.5	0.77	0
36	0.77	1
36.5	0.77	0
37	0.77	0
37.5	0.77	0
38	0.77	1
38.5	0.77	0
39	0.77	0
39.5	0.77	0
40	0.77	0
40.5	0.77	0
41	0.77	0
41.5	0.77	0
42	0.77	0
42.5	0.77	0
43	0.77	0
43.5	0.77	0
44	0.77	0

1	0.78	0
1.5	0.78	0
2	0.78	0
2.5	0.78	2
3	0.78	4
3.5	0.78	3
4	0.78	2
4.5	0.78	2
5	0.78	5
5.5	0.78	3
6	0.78	7
6.5	0.78	4
7	0.78	6
7.5	0.78	12
8	0.78	15
8.5	0.78	13
9	0.78	6
9.5	0.78	10
10	0.78	13
10.5	0.78	18
11	0.78	12
11.5	0.78	11
12	0.78	10
12.5	0.78	14
13	0.78	15
13.5	0.78	10
14	0.78	15
14.5	0.78	17
15	0.78	14
15.5	0.78	12
16	0.78	4
16.5	0.78	4
17	0.78	8
17.5	0.78	8
18	0.78	3
18.5	0.78	2
19	0.78	10
19.5	0.78	7
20	0.78	3
20.5	0.78	1
21	0.78	2
21.5	0.78	2
22	0.78	0
22.5	0.78	2
23	0.78	0
23.5	0.78	1
24	0.78	0
24.5	0.78	0
25	0.78	0
25.5	0.78	0
26	0.78	0
26.5	0.78	0
27	0.78	0
27.5	0.78	0
28	0.78	1
28.5	0.78	0
29	0.78	0
29.5	0.78	2
30	0.78	0
30.5	0.78	1
31	0.78	1
31.5	0.78	2
32	0.78	0
32.5	0.78	0
33	0.78	0
33.5	0.78	0
34	0.78	0
34.5	0.78	0
35	0.78	0
35.5	0.78	0
36	0.78	0
36.5	0.78	0
37	0.78	0
37.5	0.78	0
38	0.78	0
38.5	0.78	0
39	0.78	0
39.5	0.78	0
40	0.78	0
40.5	0.78	0
41	0.78	0
41.5	0.78	1
42	0.78	1
42.5	0.78	0
43	0.78	0
43.5	0.78	0
44	0.78	0

1	0.79	0
1.5	0.79	0
2	0.79	1
2.5	0.79	1
3	0.79	1
3.5	0.79	5
4	0.79	8
4.5	0.79	0
5	0.79	2
5.5	0.79	9
6	0.79	6
6.5	0.79	2
7	0.79	12
7.5	0.79	12
8	0.79	6
8.5	0.79	8
9	0.79	5
9.5	0.79	11
10	0.79	13
10.5	0.79	10
11	0.79	16
11.5	0.79	16
12	0.79	10
12.5	0.79	11
13	0.79	15
13.5	0.79	15
14	0.79	14
14.5	0.79	4
15	0.79	7
15.5	0.79	16
16	0.79	7
16.5	0.79	8
17	0.79	4
17.5	0.79	8
18	0.79	4
18.5	0.79	4
19	0.79	5
19.5	0.79	8
20	0.79	6
20.5	0.79	5
21	0.79	6
21.5	0.79	0
22	0.79	3
22.5	0.79	1
23	0.79	1
23.5	0.79	1
24	0.79	2
24.5	0.79	0
25	0.79	1
25.5	0.79	1
26	0.79	0
26.5	0.79	0
27	0.79	0
27.5	0.79	0
28	0.79	0
28.5	0.79	1
29	0.79	0
29.5	0.79	0
30	0.79	0
30.5	0.79	1
31	0.79	1
31.5	0.79	2
32	0.79	0
32.5	0.79	0
33	0.79	0
33.5	0.79	1
34	0.79	0
34.5	0.79	0
35	0.79	0
35.5	0.79	0
36	0.79	1
36.5	0.79	0
37	0.79	0
37.5	0.79	0
38	0.79	1
38.5	0.79	0
39	0.79	0
39.5	0.79	0
40	0.79	0
40.5	0.79	1
41	0.79	0
41.5	0.79	0
42	0.79	1
42.5	0.79	0
43	0.79	0
43.5	0.79	0
44	0.79	0

1	0.8	0
1.5	0.8	0
2	0.8	0
2.5	0.8	0
3	0.8	3
3.5	0.8	3
4	0.8	5
4.5	0.8	2
5	0.8	7
5.5	0.8	9
6	0.8	3
6.5	0.8	4
7	0.8	6
7.5	0.8	16
8	0.8	13
8.5	0.8	14
9	0.8	10
9.5	0.8	17
10	0.8	17
10.5	0.8	21
11	0.8	19
11.5	0.8	10
12	0.8	9
12.5	0.8	16
13	0.8	14
13.5	0.8	13
14	0.8	14
14.5	0.8	14
15	0.8	14
15.5	0.8	10
16	0.8	16
16.5	0.8	7
17	0.8	10
17.5	0.8	3
18	0.8	4
18.5	0.8	4
19	0.8	5
19.5	0.8	7
20	0.8	5
20.5	0.8	4
21	0.8	9
21.5	0.8	4
22	0.8	2
22.5	0.8	1
23	0.8	0
23.5	0.8	1
24	0.8	0
24.5	0.8	0
25	0.8	1
25.5	0.8	2
26	0.8	1
26.5	0.8	0
27	0.8	0
27.5	0.8	0
28	0.8	0
28.5	0.8	1
29	0.8	2
29.5	0.8	0
30	0.8	1
30.5	0.8	1
31	0.8	3
31.5	0.8	3
32	0.8	1
32.5	0.8	0
33	0.8	0
33.5	0.8	1
34	0.8	0
34.5	0.8	0
35	0.8	0
35.5	0.8	0
36	0.8	0
36.5	0.8	0
37	0.8	0
37.5	0.8	0
38	0.8	1
38.5	0.8	0
39	0.8	0
39.5	0.8	1
40	0.8	0
40.5	0.8	2
41	0.8	0
41.5	0.8	0
42	0.8	0
42.5	0.8	0
43	0.8	0
43.5	0.8	0
44	0.8	0

1	0.81	0
1.5	0.81	0
2	0.81	1
2.5	0.81	0
3	0.81	2
3.5	0.81	3
4	0.81	0
4.5	0.81	1
5	0.81	5
5.5	0.81	6
6	0.81	4
6.5	0.81	6
7	0.81	8
7.5	0.81	11
8	0.81	7
8.5	0.81	12
9	0.81	13
9.5	0.81	7
10	0.81	11
10.5	0.81	13
11	0.81	11
11.5	0.81	25
12	0.81	8
12.5	0.81	9
13	0.81	22
13.5	0.81	13
14	0.81	19
14.5	0.81	11
15	0.81	11
15.5	0.81	7
16	0.81	13
16.5	0.81	6
17	0.81	4
17.5	0.81	7
18	0.81	13
18.5	0.81	4
19	0.81	7
19.5	0.81	6
20	0.81	6
20.5	0.81	7
21	0.81	8
21.5	0.81	3
22	0.81	3
22.5	0.81	3
23	0.81	0
23.5	0.81	0
24	0.81	0
24.5	0.81	0
25	0.81	0
25.5	0.81	1
26	0.81	2
26.5	0.81	0
27	0.81	0
27.5	0.81	1
28	0.81	3
28.5	0.81	5
29	0.81	0
29.5	0.81	1
30	0.81	1
30.5	0.81	0
31	0.81	2
31.5	0.81	0
32	0.81	0
32.5	0.81	0
33	0.81	0
33.5	0.81	0
34	0.81	0
34.5	0.81	0
35	0.81	6
35.5	0.81	0
36	0.81	0
36.5	0.81	1
37	0.81	0
37.5	0.81	0
38	0.81	1
38.5	0.81	1
39	0.81	0
39.5	0.81	0
40	0.81	0
40.5	0.81	3
41	0.81	0
41.5	0.81	0
42	0.81	1
42.5	0.81	0
43	0.81	0
43.5	0.81	0
44	0.81	0

1	0.82	0
1.5	0.82	0
2	0.82	0
2.5	0.82	0
3	0.82	3
3.5	0.82	3
4	0.82	1
4.5	0.82	6
5	0.82	8
5.5	0.82	6
6	0.82	4
6.5	0.82	6
7	0.82	2
7.5	0.82	19
8	0.82	6
8.5	0.82	9
9	0.82	9
9.5	0.82	9
10	0.82	16
10.5	0.82	17
11	0.82	11
11.5	0.82	19
12	0.82	16
12.5	0.82	21
13	0.82	12
13.5	0.82	10
14	0.82	21
14.5	0.82	21
15	0.82	10
15.5	0.82	22
16	0.82	14
16.5	0.82	9
17	0.82	2
17.5	0.82	7
18	0.82	7
18.5	0.82	15
19	0.82	7
19.5	0.82	3
20	0.82	4
20.5	0.82	11
21	0.82	12
21.5	0.82	5
22	0.82	7
22.5	0.82	3
23	0.82	1
23.5	0.82	0
24	0.82	0
24.5	0.82	0
25	0.82	0
25.5	0.82	1
26	0.82	1
26.5	0.82	0
27	0.82	1
27.5	0.82	2
28	0.82	0
28.5	0.82	0
29	0.82	3
29.5	0.82	0
30	0.82	0
30.5	0.82	0
31	0.82	3
31.5	0.82	1
32	0.82	0
32.5	0.82	1
33	0.82	1
33.5	0.82	0
34	0.82	0
34.5	0.82	0
35	0.82	2
35.5	0.82	0
36	0.82	0
36.5	0.82	1
37	0.82	0
37.5	0.82	0
38	0.82	2
38.5	0.82	0
39	0.82	0
39.5	0.82	1
40	0.82	1
40.5	0.82	1
41	0.82	1
41.5	0.82	0
42	0.82	0
42.5	0.82	0
43	0.82	0
43.5	0.82	0
44	0.82	0

1	0.83	0
1.5	0.83	1
2	0.83	1
2.5	0.83	0
3	0.83	2
3.5	0.83	0
4	0.83	1
4.5	0.83	3
5	0.83	4
5.5	0.83	4
6	0.83	4
6.5	0.83	8
7	0.83	16
7.5	0.83	11
8	0.83	11
8.5	0.83	7
9	0.83	14
9.5	0.83	12
10	0.83	11
10.5	0.83	4
11	0.83	19
11.5	0.83	21
12	0.83	14
12.5	0.83	24
13	0.83	25
13.5	0.83	20
14	0.83	13
14.5	0.83	14
15	0.83	7
15.5	0.83	12
16	0.83	12
16.5	0.83	10
17	0.83	6
17.5	0.83	5
18	0.83	12
18.5	0.83	3
19	0.83	10
19.5	0.83	8
20	0.83	4
20.5	0.83	4
21	0.83	5
21.5	0.83	6
22	0.83	5
22.5	0.83	1
23	0.83	1
23.5	0.83	3
24	0.83	2
24.5	0.83	0
25	0.83	0
25.5	0.83	0
26	0.83	0
26.5	0.83	1
27	0.83	1
27.5	0.83	0
28	0.83	0
28.5	0.83	0
29	0.83	0
29.5	0.83	3
30	0.83	0
30.5	0.83	0
31	0.83	2
31.5	0.83	0
32	0.83	2
32.5	0.83	0
33	0.83	0
33.5	0.83	0
34	0.83	0
34.5	0.83	3
35	0.83	3
35.5	0.83	0
36	0.83	0
36.5	0.83	0
37	0.83	1
37.5	0.83	1
38	0.83	1
38.5	0.83	0
39	0.83	0
39.5	0.83	1
40	0.83	4
40.5	0.83	2
41	0.83	0
41.5	0.83	0
42	0.83	3
42.5	0.83	0
43	0.83	0
43.5	0.83	0
44	0.83	0

1	0.84	0
1.5	0.84	1
2	0.84	2
2.5	0.84	2
3	0.84	4
3.5	0.84	7
4	0.84	1
4.5	0.84	9
5	0.84	6
5.5	0.84	12
6	0.84	4
6.5	0.84	8
7	0.84	10
7.5	0.84	8
8	0.84	8
8.5	0.84	16
9	0.84	24
9.5	0.84	13
10	0.84	9
10.5	0.84	9
11	0.84	21
11.5	0.84	19
12	0.84	22
12.5	0.84	20
13	0.84	21
13.5	0.84	17
14	0.84	17
14.5	0.84	11
15	0.84	13
15.5	0.84	6
16	0.84	11
16.5	0.84	14
17	0.84	6
17.5	0.84	6
18	0.84	8
18.5	0.84	10
19	0.84	3
19.5	0.84	7
20	0.84	11
20.5	0.84	6
21	0.84	5
21.5	0.84	4
22	0.84	4
22.5	0.84	7
23	0.84	1
23.5	0.84	0
24	0.84	0
24.5	0.84	3
25	0.84	0
25.5	0.84	0
26	0.84	0
26.5	0.84	0
27	0.84	0
27.5	0.84	0
28	0.84	0
28.5	0.84	0
29	0.84	1
29.5	0.84	1
30	0.84	2
30.5	0.84	1
31	0.84	1
31.5	0.84	3
32	0.84	0
32.5	0.84	0
33	0.84	0
33.5	0.84	0
34	0.84	1
34.5	0.84	0
35	0.84	2
35.5	0.84	0
36	0.84	0
36.5	0.84	0
37	0.84	1
37.5	0.84	1
38	0.84	1
38.5	0.84	0
39	0.84	0
39.5	0.84	1
40	0.84	0
40.5	0.84	0
41	0.84	1
41.5	0.84	2
42	0.84	0
42.5	0.84	0
43	0.84	0
43.5	0.84	0
44	0.84	0

1	0.85	0
1.5	0.85	0
2	0.85	1
2.5	0.85	0
3	0.85	2
3.5	0.85	4
4	0.85	11
4.5	0.85	12
5	0.85	9
5.5	0.85	5
6	0.85	5
6.5	0.85	16
7	0.85	8
7.5	0.85	15
8	0.85	14
8.5	0.85	18
9	0.85	17
9.5	0.85	24
10	0.85	14
10.5	0.85	12
11	0.85	24
11.5	0.85	25
12	0.85	17
12.5	0.85	19
13	0.85	28
13.5	0.85	23
14	0.85	30
14.5	0.85	27
15	0.85	36
15.5	0.85	16
16	0.85	11
16.5	0.85	20
17	0.85	12
17.5	0.85	18
18	0.85	9
18.5	0.85	10
19	0.85	9
19.5	0.85	2
20	0.85	8
20.5	0.85	5
21	0.85	1
21.5	0.85	6
22	0.85	3
22.5	0.85	5
23	0.85	2
23.5	0.85	0
24	0.85	1
24.5	0.85	3
25	0.85	2
25.5	0.85	1
26	0.85	1
26.5	0.85	0
27	0.85	2
27.5	0.85	0
28	0.85	0
28.5	0.85	0
29	0.85	0
29.5	0.85	0
30	0.85	1
30.5	0.85	0
31	0.85	5
31.5	0.85	7
32	0.85	4
32.5	0.85	0
33	0.85	9
33.5	0.85	0
34	0.85	0
34.5	0.85	0
35	0.85	0
35.5	0.85	0
36	0.85	0
36.5	0.85	0
37	0.85	2
37.5	0.85	2
38	0.85	2
38.5	0.85	1
39	0.85	1
39.5	0.85	4
40	0.85	1
40.5	0.85	0
41	0.85	0
41.5	0.85	1
42	0.85	0
42.5	0.85	0
43	0.85	0
43.5	0.85	0
44	0.85	0

1	0.86	0
1.5	0.86	0
2	0.86	0
2.5	0.86	0
3	0.86	7
3.5	0.86	3
4	0.86	1
4.5	0.86	2
5	0.86	1
5.5	0.86	4
6	0.86	13
6.5	0.86	10
7	0.86	12
7.5	0.86	12
8	0.86	15
8.5	0.86	20
9	0.86	19
9.5	0.86	19
10	0.86	18
10.5	0.86	14
11	0.86	26
11.5	0.86	18
12	0.86	15
12.5	0.86	29
13	0.86	33
13.5	0.86	38
14	0.86	29
14.5	0.86	12
15	0.86	26
15.5	0.86	23
16	0.86	11
16.5	0.86	18
17	0.86	19
17.5	0.86	18
18	0.86	9
18.5	0.86	9
19	0.86	2
19.5	0.86	7
20	0.86	14
20.5	0.86	3
21	0.86	6
21.5	0.86	3
22	0.86	2
22.5	0.86	2
23	0.86	1
23.5	0.86	0
24	0.86	1
24.5	0.86	1
25	0.86	1
25.5	0.86	0
26	0.86	1
26.5	0.86	2
27	0.86	0
27.5	0.86	1
28	0.86	0
28.5	0.86	1
29	0.86	0
29.5	0.86	0
30	0.86	3
30.5	0.86	1
31	0.86	2
31.5	0.86	0
32	0.86	3
32.5	0.86	0
33	0.86	0
33.5	0.86	0
34	0.86	1
34.5	0.86	10
35	0.86	3
35.5	0.86	0
36	0.86	0
36.5	0.86	1
37	0.86	1
37.5	0.86	2
38	0.86	1
38.5	0.86	0
39	0.86	0
39.5	0.86	1
40	0.86	0
40.5	0.86	0
41	0.86	0
41.5	0.86	0
42	0.86	0
42.5	0.86	0
43	0.86	0
43.5	0.86	0
44	0.86	0

1	0.87	0
1.5	0.87	0
2	0.87	1
2.5	0.87	1
3	0.87	6
3.5	0.87	6
4	0.87	4
4.5	0.87	6
5	0.87	7
5.5	0.87	4
6	0.87	6
6.5	0.87	13
7	0.87	16
7.5	0.87	11
8	0.87	14
8.5	0.87	12
9	0.87	17
9.5	0.87	14
10	0.87	17
10.5	0.87	20
11	0.87	24
11.5	0.87	35
12	0.87	22
12.5	0.87	25
13	0.87	36
13.5	0.87	44
14	0.87	29
14.5	0.87	27
15	0.87	24
15.5	0.87	30
16	0.87	35
16.5	0.87	19
17	0.87	19
17.5	0.87	19
18	0.87	7
18.5	0.87	8
19	0.87	9
19.5	0.87	6
20	0.87	20
20.5	0.87	6
21	0.87	9
21.5	0.87	4
22	0.87	5
22.5	0.87	5
23	0.87	4
23.5	0.87	1
24	0.87	1
24.5	0.87	0
25	0.87	1
25.5	0.87	0
26	0.87	0
26.5	0.87	0
27	0.87	1
27.5	0.87	0
28	0.87	2
28.5	0.87	3
29	0.87	2
29.5	0.87	0
30	0.87	0
30.5	0.87	0
31	0.87	1
31.5	0.87	8
32	0.87	2
32.5	0.87	1
33	0.87	2
33.5	0.87	1
34	0.87	7
34.5	0.87	12
35	0.87	4
35.5	0.87	2
36	0.87	1
36.5	0.87	0
37	0.87	1
37.5	0.87	1
38	0.87	0
38.5	0.87	0
39	0.87	0
39.5	0.87	1
40	0.87	1
40.5	0.87	0
41	0.87	0
41.5	0.87	0
42	0.87	0
42.5	0.87	0
43	0.87	0
43.5	0.87	0
44	0.87	0

1	0.88	0
1.5	0.88	0
2	0.88	0
2.5	0.88	1
3	0.88	7
3.5	0.88	4
4	0.88	11
4.5	0.88	4
5	0.88	3
5.5	0.88	5
6	0.88	5
6.5	0.88	8
7	0.88	13
7.5	0.88	13
8	0.88	16
8.5	0.88	16
9	0.88	24
9.5	0.88	17
10	0.88	10
10.5	0.88	14
11	0.88	20
11.5	0.88	37
12	0.88	25
12.5	0.88	26
13	0.88	42
13.5	0.88	31
14	0.88	23
14.5	0.88	30
15	0.88	28
15.5	0.88	23
16	0.88	14
16.5	0.88	14
17	0.88	29
17.5	0.88	20
18	0.88	12
18.5	0.88	13
19	0.88	5
19.5	0.88	5
20	0.88	19
20.5	0.88	3
21	0.88	10
21.5	0.88	4
22	0.88	0
22.5	0.88	1
23	0.88	4
23.5	0.88	3
24	0.88	0
24.5	0.88	1
25	0.88	0
25.5	0.88	0
26	0.88	0
26.5	0.88	0
27	0.88	1
27.5	0.88	3
28	0.88	2
28.5	0.88	1
29	0.88	0
29.5	0.88	0
30	0.88	0
30.5	0.88	1
31	0.88	4
31.5	0.88	2
32	0.88	0
32.5	0.88	4
33	0.88	3
33.5	0.88	5
34	0.88	2
34.5	0.88	12
35	0.88	1
35.5	0.88	3
36	0.88	0
36.5	0.88	1
37	0.88	0
37.5	0.88	0
38	0.88	1
38.5	0.88	1
39	0.88	0
39.5	0.88	0
40	0.88	0
40.5	0.88	0
41	0.88	0
41.5	0.88	0
42	0.88	0
42.5	0.88	0
43	0.88	0
43.5	0.88	0
44	0.88	0

1	0.89	1
1.5	0.89	0
2	0.89	1
2.5	0.89	0
3	0.89	3
3.5	0.89	6
4	0.89	5
4.5	0.89	5
5	0.89	9
5.5	0.89	7
6	0.89	9
6.5	0.89	14
7	0.89	13
7.5	0.89	17
8	0.89	12
8.5	0.89	14
9	0.89	14
9.5	0.89	21
10	0.89	28
10.5	0.89	21
11	0.89	34
11.5	0.89	37
12	0.89	20
12.5	0.89	38
13	0.89	27
13.5	0.89	29
14	0.89	28
14.5	0.89	25
15	0.89	24
15.5	0.89	37
16	0.89	22
16.5	0.89	20
17	0.89	10
17.5	0.89	37
18	0.89	17
18.5	0.89	20
19	0.89	8
19.5	0.89	11
20	0.89	22
20.5	0.89	6
21	0.89	14
21.5	0.89	12
22	0.89	2
22.5	0.89	0
23	0.89	2
23.5	0.89	2
24	0.89	0
24.5	0.89	0
25	0.89	0
25.5	0.89	1
26	0.89	1
26.5	0.89	2
27	0.89	1
27.5	0.89	2
28	0.89	2
28.5	0.89	1
29	0.89	1
29.5	0.89	0
30	0.89	0
30.5	0.89	1
31	0.89	3
31.5	0.89	6
32	0.89	0
32.5	0.89	1
33	0.89	5
33.5	0.89	0
34	0.89	2
34.5	0.89	5
35	0.89	1
35.5	0.89	0
36	0.89	0
36.5	0.89	4
37	0.89	2
37.5	0.89	0
38	0.89	2
38.5	0.89	5
39	0.89	3
39.5	0.89	1
40	0.89	3
40.5	0.89	0
41	0.89	0
41.5	0.89	0
42	0.89	0
42.5	0.89	0
43	0.89	0
43.5	0.89	0
44	0.89	0

1	0.9	3
1.5	0.9	0
2	0.9	3
2.5	0.9	1
3	0.9	2
3.5	0.9	9
4	0.9	11
4.5	0.9	5
5	0.9	15
5.5	0.9	13
6	0.9	9
6.5	0.9	12
7	0.9	13
7.5	0.9	21
8	0.9	21
8.5	0.9	20
9	0.9	23
9.5	0.9	10
10	0.9	27
10.5	0.9	29
11	0.9	27
11.5	0.9	30
12	0.9	28
12.5	0.9	40
13	0.9	27
13.5	0.9	39
14	0.9	27
14.5	0.9	34
15	0.9	26
15.5	0.9	24
16	0.9	26
16.5	0.9	14
17	0.9	23
17.5	0.9	20
18	0.9	29
18.5	0.9	15
19	0.9	5
19.5	0.9	11
20	0.9	14
20.5	0.9	11
21	0.9	9
21.5	0.9	4
22	0.9	5
22.5	0.9	0
23	0.9	4
23.5	0.9	5
24	0.9	2
24.5	0.9	0
25	0.9	0
25.5	0.9	0
26	0.9	1
26.5	0.9	3
27	0.9	1
27.5	0.9	0
28	0.9	1
28.5	0.9	0
29	0.9	1
29.5	0.9	1
30	0.9	1
30.5	0.9	0
31	0.9	4
31.5	0.9	6
32	0.9	2
32.5	0.9	1
33	0.9	2
33.5	0.9	1
34	0.9	1
34.5	0.9	2
35	0.9	0
35.5	0.9	2
36	0.9	1
36.5	0.9	3
37	0.9	3
37.5	0.9	1
38	0.9	2
38.5	0.9	12
39	0.9	5
39.5	0.9	5
40	0.9	3
40.5	0.9	0
41	0.9	0
41.5	0.9	0
42	0.9	0
42.5	0.9	0
43	0.9	0
43.5	0.9	0
44	0.9	0

1	0.91	1
1.5	0.91	0
2	0.91	1
2.5	0.91	3
3	0.91	10
3.5	0.91	10
4	0.91	14
4.5	0.91	1
5	0.91	6
5.5	0.91	2
6	0.91	5
6.5	0.91	22
7	0.91	27
7.5	0.91	26
8	0.91	9
8.5	0.91	16
9	0.91	25
9.5	0.91	8
10	0.91	30
10.5	0.91	30
11	0.91	54
11.5	0.91	58
12	0.91	32
12.5	0.91	32
13	0.91	33
13.5	0.91	35
14	0.91	29
14.5	0.91	33
15	0.91	30
15.5	0.91	25
16	0.91	36
16.5	0.91	24
17	0.91	14
17.5	0.91	16
18	0.91	22
18.5	0.91	22
19	0.91	15
19.5	0.91	17
20	0.91	22
20.5	0.91	7
21	0.91	9
21.5	0.91	8
22	0.91	8
22.5	0.91	5
23	0.91	3
23.5	0.91	3
24	0.91	1
24.5	0.91	2
25	0.91	1
25.5	0.91	2
26	0.91	2
26.5	0.91	1
27	0.91	2
27.5	0.91	0
28	0.91	0
28.5	0.91	1
29	0.91	0
29.5	0.91	1
30	0.91	2
30.5	0.91	3
31	0.91	1
31.5	0.91	0
32	0.91	2
32.5	0.91	1
33	0.91	0
33.5	0.91	0
34	0.91	0
34.5	0.91	5
35	0.91	4
35.5	0.91	0
36	0.91	1
36.5	0.91	1
37	0.91	1
37.5	0.91	5
38	0.91	0
38.5	0.91	3
39	0.91	2
39.5	0.91	4
40	0.91	8
40.5	0.91	0
41	0.91	0
41.5	0.91	0
42	0.91	0
42.5	0.91	0
43	0.91	0
43.5	0.91	0
44	0.91	0

1	0.92	1
1.5	0.92	0
2	0.92	2
2.5	0.92	3
3	0.92	2
3.5	0.92	12
4	0.92	13
4.5	0.92	8
5	0.92	9
5.5	0.92	13
6	0.92	14
6.5	0.92	20
7	0.92	30
7.5	0.92	54
8	0.92	23
8.5	0.92	30
9	0.92	32
9.5	0.92	18
10	0.92	33
10.5	0.92	26
11	0.92	30
11.5	0.92	52
12	0.92	36
12.5	0.92	40
13	0.92	37
13.5	0.92	28
14	0.92	41
14.5	0.92	50
15	0.92	35
15.5	0.92	35
16	0.92	43
16.5	0.92	40
17	0.92	23
17.5	0.92	24
18	0.92	18
18.5	0.92	22
19	0.92	23
19.5	0.92	11
20	0.92	10
20.5	0.92	19
21	0.92	13
21.5	0.92	10
22	0.92	8
22.5	0.92	0
23	0.92	5
23.5	0.92	1
24	0.92	1
24.5	0.92	1
25	0.92	2
25.5	0.92	2
26	0.92	0
26.5	0.92	1
27	0.92	2
27.5	0.92	1
28	0.92	1
28.5	0.92	3
29	0.92	2
29.5	0.92	1
30	0.92	1
30.5	0.92	4
31	0.92	2
31.5	0.92	3
32	0.92	5
32.5	0.92	3
33	0.92	3
33.5	0.92	2
34	0.92	3
34.5	0.92	3
35	0.92	13
35.5	0.92	1
36	0.92	2
36.5	0.92	2
37	0.92	2
37.5	0.92	0
38	0.92	3
38.5	0.92	1
39	0.92	2
39.5	0.92	1
40	0.92	5
40.5	0.92	0
41	0.92	0
41.5	0.92	0
42	0.92	0
42.5	0.92	0
43	0.92	0
43.5	0.92	0
44	0.92	0

1	0.93	2
1.5	0.93	0
2	0.93	8
2.5	0.93	1
3	0.93	0
3.5	0.93	8
4	0.93	7
4.5	0.93	2
5	0.93	10
5.5	0.93	13
6	0.93	24
6.5	0.93	17
7	0.93	36
7.5	0.93	31
8	0.93	38
8.5	0.93	31
9	0.93	30
9.5	0.93	19
10	0.93	24
10.5	0.93	33
11	0.93	49
11.5	0.93	63
12	0.93	31
12.5	0.93	44
13	0.93	38
13.5	0.93	50
14	0.93	31
14.5	0.93	50
15	0.93	32
15.5	0.93	48
16	0.93	28
16.5	0.93	51
17	0.93	28
17.5	0.93	33
18	0.93	18
18.5	0.93	21
19	0.93	17
19.5	0.93	13
20	0.93	12
20.5	0.93	15
21	0.93	6
21.5	0.93	3
22	0.93	9
22.5	0.93	4
23	0.93	5
23.5	0.93	5
24	0.93	4
24.5	0.93	2
25	0.93	3
25.5	0.93	0
26	0.93	1
26.5	0.93	1
27	0.93	2
27.5	0.93	2
28	0.93	2
28.5	0.93	2
29	0.93	3
29.5	0.93	1
30	0.93	0
30.5	0.93	1
31	0.93	8
31.5	0.93	3
32	0.93	5
32.5	0.93	1
33	0.93	3
33.5	0.93	2
34	0.93	1
34.5	0.93	5
35	0.93	10
35.5	0.93	7
36	0.93	4
36.5	0.93	2
37	0.93	1
37.5	0.93	0
38	0.93	1
38.5	0.93	0
39	0.93	0
39.5	0.93	0
40	0.93	4
40.5	0.93	0
41	0.93	0
41.5	0.93	0
42	0.93	0
42.5	0.93	0
43	0.93	0
43.5	0.93	0
44	0.93	0

1	0.94	1
1.5	0.94	2
2	0.94	5
2.5	0.94	6
3	0.94	0
3.5	0.94	10
4	0.94	9
4.5	0.94	13
5	0.94	10
5.5	0.94	16
6	0.94	14
6.5	0.94	16
7	0.94	26
7.5	0.94	34
8	0.94	44
8.5	0.94	29
9	0.94	32
9.5	0.94	28
10	0.94	27
10.5	0.94	33
11	0.94	58
11.5	0.94	79
12	0.94	24
12.5	0.94	37
13	0.94	60
13.5	0.94	58
14	0.94	53
14.5	0.94	58
15	0.94	37
15.5	0.94	57
16	0.94	45
16.5	0.94	31
17	0.94	29
17.5	0.94	38
18	0.94	37
18.5	0.94	27
19	0.94	30
19.5	0.94	21
20	0.94	25
20.5	0.94	8
21	0.94	8
21.5	0.94	15
22	0.94	4
22.5	0.94	5
23	0.94	2
23.5	0.94	7
24	0.94	7
24.5	0.94	0
25	0.94	0
25.5	0.94	2
26	0.94	2
26.5	0.94	1
27	0.94	4
27.5	0.94	2
28	0.94	2
28.5	0.94	2
29	0.94	2
29.5	0.94	0
30	0.94	0
30.5	0.94	1
31	0.94	11
31.5	0.94	0
32	0.94	5
32.5	0.94	3
33	0.94	4
33.5	0.94	3
34	0.94	1
34.5	0.94	12
35	0.94	18
35.5	0.94	6
36	0.94	3
36.5	0.94	3
37	0.94	3
37.5	0.94	1
38	0.94	0
38.5	0.94	0
39	0.94	0
39.5	0.94	1
40	0.94	3
40.5	0.94	0
41	0.94	0
41.5	0.94	0
42	0.94	0
42.5	0.94	0
43	0.94	0
43.5	0.94	0
44	0.94	0

1	0.95	3
1.5	0.95	10
2	0.95	6
2.5	0.95	6
3	0.95	3
3.5	0.95	5
4	0.95	0
4.5	0.95	17
5	0.95	7
5.5	0.95	14
6	0.95	17
6.5	0.95	18
7	0.95	25
7.5	0.95	33
8	0.95	45
8.5	0.95	25
9	0.95	53
9.5	0.95	32
10	0.95	27
10.5	0.95	41
11	0.95	56
11.5	0.95	91
12	0.95	63
12.5	0.95	68
13	0.95	70
13.5	0.95	66
14	0.95	81
14.5	0.95	82
15	0.95	47
15.5	0.95	51
16	0.95	51
16.5	0.95	58
17	0.95	21
17.5	0.95	46
18	0.95	48
18.5	0.95	43
19	0.95	46
19.5	0.95	33
20	0.95	28
20.5	0.95	31
21	0.95	25
21.5	0.95	13
22	0.95	17
22.5	0.95	7
23	0.95	4
23.5	0.95	6
24	0.95	15
24.5	0.95	4
25	0.95	4
25.5	0.95	5
26	0.95	2
26.5	0.95	1
27	0.95	2
27.5	0.95	4
28	0.95	9
28.5	0.95	7
29	0.95	9
29.5	0.95	1
30	0.95	0
30.5	0.95	3
31	0.95	3
31.5	0.95	3
32	0.95	2
32.5	0.95	1
33	0.95	4
33.5	0.95	4
34	0.95	3
34.5	0.95	5
35	0.95	2
35.5	0.95	6
36	0.95	1
36.5	0.95	0
37	0.95	3
37.5	0.95	2
38	0.95	0
38.5	0.95	0
39	0.95	0
39.5	0.95	2
40	0.95	10
40.5	0.95	1
41	0.95	0
41.5	0.95	0
42	0.95	0
42.5	0.95	0
43	0.95	0
43.5	0.95	0
44	0.95	0

1	0.96	2
1.5	0.96	2
2	0.96	5
2.5	0.96	4
3	0.96	3
3.5	0.96	6
4	0.96	3
4.5	0.96	13
5	0.96	19
5.5	0.96	18
6	0.96	20
6.5	0.96	22
7	0.96	15
7.5	0.96	19
8	0.96	32
8.5	0.96	52
9	0.96	29
9.5	0.96	28
10	0.96	72
10.5	0.96	62
11	0.96	114
11.5	0.96	102
12	0.96	82
12.5	0.96	65
13	0.96	101
13.5	0.96	76
14	0.96	80
14.5	0.96	77
15	0.96	72
15.5	0.96	67
16	0.96	75
16.5	0.96	90
17	0.96	42
17.5	0.96	30
18	0.96	48
18.5	0.96	35
19	0.96	31
19.5	0.96	16
20	0.96	24
20.5	0.96	35
21	0.96	26
21.5	0.96	14
22	0.96	8
22.5	0.96	4
23	0.96	7
23.5	0.96	10
24	0.96	12
24.5	0.96	3
25	0.96	2
25.5	0.96	4
26	0.96	3
26.5	0.96	8
27	0.96	5
27.5	0.96	3
28	0.96	3
28.5	0.96	2
29	0.96	2
29.5	0.96	1
30	0.96	4
30.5	0.96	4
31	0.96	7
31.5	0.96	1
32	0.96	3
32.5	0.96	3
33	0.96	9
33.5	0.96	2
34	0.96	0
34.5	0.96	0
35	0.96	8
35.5	0.96	12
36	0.96	0
36.5	0.96	0
37	0.96	2
37.5	0.96	1
38	0.96	0
38.5	0.96	0
39	0.96	0
39.5	0.96	2
40	0.96	9
40.5	0.96	3
41	0.96	0
41.5	0.96	0
42	0.96	0
42.5	0.96	0
43	0.96	0
43.5	0.96	0
44	0.96	0

1	0.97	0
1.5	0.97	1
2	0.97	9
2.5	0.97	1
3	0.97	2
3.5	0.97	2
4	0.97	14
4.5	0.97	5
5	0.97	19
5.5	0.97	7
6	0.97	9
6.5	0.97	66
7	0.97	36
7.5	0.97	39
8	0.97	35
8.5	0.97	60
9	0.97	49
9.5	0.97	52
10	0.97	37
10.5	0.97	64
11	0.97	105
11.5	0.97	108
12	0.97	89
12.5	0.97	76
13	0.97	94
13.5	0.97	99
14	0.97	89
14.5	0.97	87
15	0.97	90
15.5	0.97	104
16	0.97	73
16.5	0.97	80
17	0.97	53
17.5	0.97	28
18	0.97	34
18.5	0.97	22
19	0.97	30
19.5	0.97	9
20	0.97	14
20.5	0.97	42
21	0.97	19
21.5	0.97	16
22	0.97	12
22.5	0.97	6
23	0.97	8
23.5	0.97	15
24	0.97	8
24.5	0.97	9
25	0.97	12
25.5	0.97	12
26	0.97	10
26.5	0.97	10
27	0.97	7
27.5	0.97	3
28	0.97	2
28.5	0.97	5
29	0.97	13
29.5	0.97	0
30	0.97	2
30.5	0.97	1
31	0.97	5
31.5	0.97	1
32	0.97	2
32.5	0.97	3
33	0.97	0
33.5	0.97	1
34	0.97	2
34.5	0.97	4
35	0.97	1
35.5	0.97	6
36	0.97	0
36.5	0.97	0
37	0.97	0
37.5	0.97	5
38	0.97	4
38.5	0.97	0
39	0.97	2
39.5	0.97	1
40	0.97	1
40.5	0.97	0
41	0.97	0
41.5	0.97	0
42	0.97	0
42.5	0.97	0
43	0.97	0
43.5	0.97	0
44	0.97	0

1	0.98	0
1.5	0.98	0
2	0.98	5
2.5	0.98	5
3	0.98	3
3.5	0.98	12
4	0.98	14
4.5	0.98	2
5	0.98	11
5.5	0.98	6
6	0.98	11
6.5	0.98	21
7	0.98	25
7.5	0.98	38
8	0.98	38
8.5	0.98	68
9	0.98	83
9.5	0.98	89
10	0.98	58
10.5	0.98	65
11	0.98	116
11.5	0.98	96
12	0.98	130
12.5	0.98	98
13	0.98	131
13.5	0.98	84
14	0.98	80
14.5	0.98	46
15	0.98	92
15.5	0.98	83
16	0.98	37
16.5	0.98	73
17	0.98	67
17.5	0.98	42
18	0.98	53
18.5	0.98	29
19	0.98	26
19.5	0.98	14
20	0.98	23
20.5	0.98	35
21	0.98	19
21.5	0.98	15
22	0.98	10
22.5	0.98	19
23	0.98	12
23.5	0.98	12
24	0.98	17
24.5	0.98	7
25	0.98	8
25.5	0.98	19
26	0.98	13
26.5	0.98	9
27	0.98	3
27.5	0.98	4
28	0.98	5
28.5	0.98	3
29	0.98	5
29.5	0.98	11
30	0.98	1
30.5	0.98	1
31	0.98	4
31.5	0.98	4
32	0.98	6
32.5	0.98	4
33	0.98	3
33.5	0.98	5
34	0.98	3
34.5	0.98	4
35	0.98	2
35.5	0.98	2
36	0.98	2
36.5	0.98	0
37	0.98	2
37.5	0.98	10
38	0.98	10
38.5	0.98	0
39	0.98	0
39.5	0.98	4
40	0.98	0
40.5	0.98	0
41	0.98	0
41.5	0.98	0
42	0.98	0
42.5	0.98	0
43	0.98	0
43.5	0.98	0
44	0.98	0

1	0.99	0
1.5	0.99	0
2	0.99	0
2.5	0.99	9
3	0.99	4
3.5	0.99	4
4	0.99	4
4.5	0.99	9
5	0.99	23
5.5	0.99	7
6	0.99	19
6.5	0.99	32
7	0.99	31
7.5	0.99	21
8	0.99	57
8.5	0.99	91
9	0.99	110
9.5	0.99	49
10	0.99	88
10.5	0.99	76
11	0.99	65
11.5	0.99	104
12	0.99	112
12.5	0.99	58
13	0.99	56
13.5	0.99	29
14	0.99	24
14.5	0.99	29
15	0.99	34
15.5	0.99	60
16	0.99	23
16.5	0.99	22
17	0.99	40
17.5	0.99	23
18	0.99	32
18.5	0.99	11
19	0.99	33
19.5	0.99	25
20	0.99	14
20.5	0.99	8
21	0.99	12
21.5	0.99	13
22	0.99	10
22.5	0.99	18
23	0.99	10
23.5	0.99	7
24	0.99	3
24.5	0.99	8
25	0.99	0
25.5	0.99	0
26	0.99	2
26.5	0.99	10
27	0.99	2
27.5	0.99	1
28	0.99	0
28.5	0.99	0
29	0.99	1
29.5	0.99	3
30	0.99	0
30.5	0.99	0
31	0.99	0
31.5	0.99	0
32	0.99	0
32.5	0.99	0
33	0.99	0
33.5	0.99	0
34	0.99	0
34.5	0.99	0
35	0.99	1
35.5	0.99	0
36	0.99	0
36.5	0.99	2
37	0.99	0
37.5	0.99	1
38	0.99	4
38.5	0.99	3
39	0.99	0
39.5	0.99	0
40	0.99	0
40.5	0.99	0
41	0.99	0
41.5	0.99	0
42	0.99	0
42.5	0.99	0
43	0.99	0
43.5	0.99	0
44	0.99	0

1	1	0
1.5	1	0
2	1	5
2.5	1	13
3	1	88
3.5	1	69
4	1	17
4.5	1	63
5	1	85
5.5	1	29
6	1	5
6.5	1	45
7	1	31
7.5	1	42
8	1	37
8.5	1	55
9	1	39
9.5	1	26
10	1	72
10.5	1	98
11	1	126
11.5	1	79
12	1	36
12.5	1	18
13	1	4
13.5	1	5
14	1	5
14.5	1	33
15	1	14
15.5	1	5
16	1	72
16.5	1	55
17	1	20
17.5	1	32
18	1	31
18.5	1	15
19	1	69
19.5	1	51
20	1	28
20.5	1	1
21	1	0
21.5	1	0
22	1	0
22.5	1	1
23	1	2
23.5	1	2
24	1	4
24.5	1	0
25	1	0
25.5	1	0
26	1	0
26.5	1	0
27	1	0
27.5	1	0
28	1	0
28.5	1	0
29	1	0
29.5	1	0
30	1	0
30.5	1	8
31	1	34
31.5	1	36
32	1	53
32.5	1	13
33	1	23
33.5	1	4
34	1	0
34.5	1	1
35	1	4
35.5	1	0
36	1	0
36.5	1	0
37	1	0
37.5	1	0
38	1	0
38.5	1	0
39	1	0
39.5	1	0
40	1	0
40.5	1	4
41	1	0
41.5	1	0
42	1	0
42.5	1	0
43	1	0
43.5	1	0
44	1	0

